8.066688e-03
5.871580e-03
1.294691e-03
4.007286e-05
5.779016e-06
3.928907e-06
3.832030e-06
2.984261e-06
2.140847e-06
1.291702e-06
6.318750e-07
3.899343e-07
4.721224e-07
4.321201e-07
2.758056e-07
1.273522e-07
5.788014e-08
7.198005e-08
1.414045e-07
1.983431e-07
1.814765e-07
1.623697e-07
1.204090e-07
1.139843e-07
9.163944e-08
1.019352e-07
1.818183e-07
2.492660e-07
2.806300e-07
2.349387e-07
1.582230e-07
9.116053e-08
4.800904e-08
4.566025e-08
3.302149e-08
2.667342e-08
2.598584e-08
2.811599e-08
3.078052e-08
1.635735e-08
9.050827e-09
1.529360e-08
2.077361e-08
2.147457e-08
1.484924e-08
6.454693e-09
3.253028e-09
4.922005e-09
5.429747e-09
5.550127e-09
7.325454e-09
9.789487e-09
1.083590e-08
1.366494e-08
1.526625e-08
1.178956e-08
8.067728e-09
5.843050e-09
3.144791e-09
2.060051e-09
2.436047e-09
1.901371e-09
1.362880e-09
1.242186e-09
1.346428e-09
8.131207e-10
3.003894e-10
6.506956e-10
7.233280e-10
5.896426e-10
6.752360e-10
1.211569e-09
1.486492e-09
1.365902e-09
9.278416e-10
6.314292e-10
7.487998e-10
9.459500e-10
9.670483e-10
8.341442e-10
5.813158e-10
6.114207e-10
8.802713e-10
8.540042e-10
7.111126e-10
7.144639e-10
7.305811e-10
6.725606e-10
4.687402e-10
2.805666e-10
1.737086e-10
1.798643e-10
1.957643e-10
1.989208e-10
1.811397e-10
1.458899e-10
1.249731e-10
1.276000e-10
1.363132e-10
1.379414e-10
9.850883e-11
1.191989e-10
1.779469e-10
2.080393e-10
1.931614e-10
1.724584e-10
1.160306e-10
7.924797e-11
6.301441e-11
7.954513e-11
8.392506e-11
7.372888e-11
5.795402e-11
3.214819e-11
1.026055e-11
2.524669e-11
6.635310e-11
9.711390e-11
1.093047e-10
8.331828e-11
5.927043e-11
3.065397e-11
2.887281e-11
2.840337e-11
2.390909e-11
1.435741e-11
1.717960e-11
1.190592e-11
2.377375e-11
2.992226e-11
3.577507e-11
3.856631e-11
5.440128e-11
4.886614e-11
4.321219e-11
2.159700e-11
1.234306e-11
8.445303e-12
8.375488e-12
9.745348e-12
8.731147e-12
8.893953e-12
1.791112e-11
2.925602e-11
3.332550e-11
2.060842e-11
1.188154e-11
9.333262e-12
7.702963e-12
1.133668e-11
1.339352e-11
2.525713e-11
2.527176e-11
2.918448e-11
1.967732e-11
1.344146e-11
5.722380e-12
6.567934e-12
6.616847e-12
6.356248e-12
5.353382e-12
3.721506e-12
7.977445e-12
1.945140e-11
2.856769e-11
2.476402e-11
1.453884e-11
7.375000e-12
5.311016e-12
7.369464e-12
1.308578e-11
1.747919e-11
1.789701e-11
1.308485e-11
8.214195e-12
6.449742e-12
6.269566e-12
7.456019e-12
4.365148e-12
6.890869e-12
1.278245e-11
1.453966e-11
1.580994e-11
1.079837e-11
1.119109e-11
8.348967e-12
1.014305e-11
8.128206e-12
6.968314e-12
2.917045e-12
9.423455e-13
2.635828e-12
3.399870e-12
5.792884e-12
3.908296e-12
6.085662e-12
4.061281e-12
6.250705e-12
4.671777e-12
6.682419e-12
4.010002e-12
5.333205e-12
2.584117e-12
3.411789e-12
1.935155e-12
3.042831e-12
2.266048e-12
2.189838e-12
3.527205e-12
6.150267e-12
5.666807e-12
3.834194e-12
1.681568e-12
1.617997e-12
4.408912e-12
6.538962e-12
6.156379e-12
4.334646e-12
3.365987e-12
3.048227e-12
3.265776e-12
7.031237e-12
4.298778e-11
1.314506e-10
1.501376e-10
1.482674e-10
8.389211e-11
1.400488e-11
5.880446e-13
1.022922e-12
2.021069e-12
1.305009e-12
9.086317e-12
2.293164e-11
2.663106e-11
2.581454e-11
1.180388e-11
1.410451e-12
3.539831e-12
3.464850e-12
2.362164e-12
1.258408e-12
1.888692e-12
2.557767e-12
3.549162e-12
3.331424e-12
5.134892e-12
2.729206e-12
2.254106e-12
6.829735e-13
2.835972e-13
3.095339e-13
4.645003e-13
1.613635e-12
1.808061e-12
3.708224e-12
3.981480e-12
3.970644e-12
2.730670e-12
1.786559e-12
1.904271e-12
1.943886e-12
3.202393e-12
1.868086e-12
2.478995e-12
5.973916e-13
6.885889e-13
1.273978e-12
1.170480e-12
1.184054e-12
2.122030e-12
2.527175e-12
2.502501e-12
3.429635e-12
2.243654e-12
2.127508e-12
1.240505e-12
1.489413e-12
1.503111e-12
1.804713e-12
2.629881e-12
1.243752e-12
1.532126e-12
7.076174e-13
1.232403e-12
5.377218e-13
1.312091e-12
8.270053e-13
1.418318e-12
2.758922e-12
2.825981e-12
4.155442e-12
2.578461e-12
1.408093e-12
7.637059e-13
1.461848e-12
1.870750e-12
2.675790e-12
1.991107e-12
1.714523e-12
6.729108e-13
1.887619e-12
1.518406e-12
1.690417e-12
1.334421e-12
2.193436e-12
1.467201e-12
1.982995e-12
1.084347e-12
1.441772e-12
1.733250e-12
2.103953e-12
2.488301e-12
2.488710e-12
3.561421e-12
2.648222e-12
2.635321e-12
1.615827e-12
1.271667e-12
1.536500e-12
2.252136e-12
1.642538e-12
2.066626e-12
8.743832e-13
7.682581e-13
4.106383e-13
6.092721e-13
5.032803e-13
1.033059e-12
1.310936e-12
2.131544e-12
2.051875e-12
1.958876e-12
1.310259e-12
1.098243e-12
2.394255e-12
3.200836e-12
5.474925e-12
5.975111e-12
6.079948e-12
4.069614e-12
2.998274e-12
3.710473e-12
1.399208e-12
2.691948e-12
1.688771e-12
2.268192e-12
8.701581e-13
2.451281e-12
1.422907e-12
2.357400e-12
8.951269e-13
9.869877e-13
2.367778e-12
1.604272e-12
2.273974e-12
8.279574e-13
2.561910e-12
2.127534e-12
4.175060e-12
2.927138e-12
2.913301e-12
1.652942e-12
9.837173e-13
3.147519e-13
4.589137e-13
4.326551e-13
1.245612e-12
6.686357e-13
1.009652e-12
9.967910e-13
9.968809e-13
4.592782e-13
1.470332e-12
6.960223e-13
1.524407e-12
1.446509e-12
2.079309e-12
4.662376e-12
2.992757e-12
3.682572e-12
1.480279e-12
1.416345e-12
1.431823e-12
1.687119e-12
3.620906e-12
2.041088e-12
2.099813e-12
1.381351e-12
1.008816e-12
7.691623e-13
5.417013e-13
4.894973e-13
9.693784e-13
2.139870e-12
2.715435e-12
3.727955e-12
3.734902e-12
3.351417e-12
2.823403e-12
2.303328e-12
