2.595237e-02
1.899700e-02
4.286764e-03
1.338281e-04
4.552899e-08
4.369386e-08
3.604230e-08
3.545271e-08
2.965467e-08
2.989661e-08
3.300345e-08
2.798187e-08
1.951088e-08
1.614693e-08
1.558985e-08
1.415099e-08
1.552729e-08
1.581660e-08
1.457557e-08
1.045824e-08
6.865040e-09
4.371206e-09
4.014925e-09
5.568506e-09
7.427212e-09
7.232573e-09
5.178032e-09
3.388477e-09
2.404171e-09
1.925875e-09
1.638051e-09
1.466315e-09
8.575098e-10
4.765623e-10
4.317762e-10
2.814742e-10
9.302161e-11
7.791161e-11
2.273517e-10
3.310887e-10
3.109597e-10
2.583998e-10
2.482821e-10
3.157935e-10
4.649617e-10
5.071978e-10
6.157378e-10
4.115372e-10
2.095237e-10
1.247123e-10
1.499436e-10
1.470249e-10
2.020820e-10
2.242504e-10
1.950540e-10
1.241340e-10
1.449366e-10
1.310585e-10
1.798558e-10
1.383718e-10
1.326806e-10
8.106803e-11
9.891000e-11
7.782375e-11
1.451084e-10
1.794104e-10
2.173171e-10
1.824640e-10
2.268206e-10
1.986307e-10
1.916036e-10
1.716826e-10
1.779033e-10
1.312972e-10
1.133411e-10
7.549084e-11
7.312551e-11
4.026292e-11
3.526998e-11
1.061320e-11
1.623781e-11
5.389536e-12
1.231022e-11
3.393104e-12
2.793969e-12
3.259212e-12
6.650636e-12
1.233538e-11
1.150226e-11
1.226386e-11
5.184136e-12
2.691021e-12
4.716336e-12
2.390699e-12
5.776672e-12
2.986905e-12
4.048492e-12
1.890691e-12
2.852007e-12
3.249125e-12
3.347115e-12
6.525715e-12
2.483939e-12
2.449907e-12
3.176585e-12
1.720063e-12
9.326298e-12
6.147839e-12
1.123428e-11
7.497527e-12
1.482310e-11
1.286905e-11
1.203940e-11
8.737270e-12
6.953580e-12
5.039962e-12
5.630968e-12
6.418025e-12
2.894365e-12
7.102740e-12
4.074963e-12
8.211665e-12
5.909189e-12
9.483535e-12
3.148532e-12
7.277775e-12
4.455828e-12
9.301917e-12
7.594915e-12
6.511014e-12
5.722211e-12
3.104670e-12
3.070515e-12
2.677390e-12
5.057989e-12
1.500449e-12
4.498662e-12
1.498836e-12
5.112571e-12
3.612971e-12
2.960839e-12
2.471234e-12
1.820274e-12
6.334602e-12
4.480587e-12
6.847446e-12
3.795185e-12
3.372024e-12
3.953717e-12
2.559094e-12
3.820527e-12
2.556920e-12
3.267532e-12
3.556766e-12
3.297013e-12
2.390694e-12
3.423613e-12
1.646418e-12
4.840578e-12
1.161075e-12
2.966484e-12
3.545484e-13
6.120531e-13
1.030570e-12
7.081900e-13
1.962823e-12
3.217334e-12
1.929536e-12
4.467930e-12
2.377974e-12
2.955793e-12
1.156158e-12
1.220108e-12
1.893578e-12
2.278109e-12
2.470039e-12
4.457927e-12
3.527354e-12
5.001032e-12
3.429463e-12
5.062506e-12
5.766125e-12
5.379970e-12
6.116039e-12
6.754958e-12
3.585680e-12
3.744582e-12
9.919683e-13
1.695815e-12
7.998522e-13
8.635834e-13
3.198225e-13
1.119390e-12
1.279103e-13
2.270228e-12
6.715238e-13
2.781978e-12
1.151097e-12
3.069371e-12
7.352996e-13
1.374879e-12
6.393909e-13
2.749645e-12
2.174295e-12
3.229653e-12
1.758752e-12
2.845779e-12
1.950631e-12
2.302744e-12
1.215325e-12
2.142966e-12
1.119793e-12
1.535832e-12
4.479857e-13
2.240348e-13
1.472690e-12
2.016883e-12
3.586368e-12
5.123782e-12
3.171368e-12
3.588612e-12
2.115370e-12
3.173732e-12
1.410941e-12
3.239214e-12
2.373804e-12
3.240690e-12
1.765199e-12
1.348540e-12
1.894815e-12
4.176664e-13
1.349661e-12
2.250037e-13
8.682914e-13
1.705187e-12
2.799436e-12
3.605332e-12
1.900113e-12
2.931412e-12
1.192572e-12
2.224863e-12
1.128823e-12
1.032656e-12
2.162942e-12
7.751577e-13
1.809173e-12
8.404151e-13
1.907719e-12
2.167571e-12
1.683036e-12
1.683622e-12
1.781648e-12
8.750028e-13
6.160427e-13
1.135312e-12
1.362999e-12
2.694846e-12
2.306445e-12
3.055461e-12
1.723361e-12
2.668010e-12
1.009028e-12
7.815397e-13
1.401086e-12
4.237871e-13
1.141646e-12
4.568507e-13
6.203710e-13
1.110612e-12
1.568676e-12
1.013649e-12
1.635934e-12
4.255772e-13
7.205712e-13
1.212248e-12
6.228726e-13
2.558182e-12
1.739196e-12
3.151568e-12
2.069340e-12
1.511680e-12
1.249556e-12
2.039212e-12
1.448170e-12
8.891004e-13
8.564642e-13
2.965982e-13
1.516658e-12
6.596931e-13
2.738799e-12
5.282177e-13
2.014754e-12
5.947564e-13
1.355169e-12
4.299357e-13
1.290048e-12
3.970733e-13
1.059420e-12
9.935756e-14
7.950111e-13
4.970965e-13
1.226711e-12
7.627464e-13
1.724842e-12
1.028716e-12
1.327514e-12
1.659964e-12
1.328166e-12
1.527827e-12
8.970071e-13
1.329266e-12
1.030297e-12
1.329742e-12
1.496205e-12
7.980764e-13
1.596349e-12
1.696339e-12
2.062476e-12
1.863169e-12
1.064600e-12
2.894856e-12
8.317559e-13
2.562065e-12
1.031530e-12
2.262300e-12
2.528561e-12
1.829693e-12
2.361820e-12
1.330616e-12
2.527679e-12
7.648185e-13
2.526940e-12
5.318967e-13
2.459890e-12
8.973180e-13
1.827329e-12
1.528157e-12
1.826849e-12
2.124955e-12
2.058239e-12
1.493404e-12
2.919378e-12
2.719562e-12
4.011656e-12
2.485764e-12
3.446326e-12
8.942876e-13
1.622603e-12
5.296174e-13
1.389837e-12
1.190817e-12
9.257546e-13
8.924344e-13
1.024218e-12
1.453225e-12
1.320570e-12
1.320351e-12
2.111891e-12
9.565807e-13
1.417967e-12
2.044053e-12
1.549146e-12
2.207618e-12
7.577029e-13
6.917331e-13
1.251436e-12
1.053755e-12
1.943002e-12
2.173329e-12
3.787399e-12
2.569491e-12
2.932120e-12
2.340067e-12
2.077304e-12
2.968602e-12
1.056222e-12
2.444118e-12
3.966479e-13
1.157802e-12
5.960466e-13
6.630391e-13
1.029080e-12
1.097138e-12
1.165456e-12
5.338558e-13
1.838964e-12
2.010405e-13
1.948368e-12
4.715816e-13
1.587853e-12
5.422820e-13
9.864157e-13
1.195303e-12
1.405986e-12
2.204981e-12
1.800274e-12
2.297336e-12
1.610143e-12
2.676741e-12
3.262066e-12
4.071063e-12
