7.679533e-02
9.243384e-02
9.362493e-02
6.059047e-02
2.520599e-02
5.661242e-03
1.177899e-03
2.581994e-03
3.660331e-03
2.993582e-03
2.731062e-03
2.216330e-03
1.391475e-03
8.432710e-04
7.466432e-04
7.630853e-04
7.973918e-04
9.678956e-04
9.989562e-04
1.002325e-03
9.058467e-04
7.008344e-04
5.822215e-04
5.008130e-04
4.582231e-04
4.777946e-04
5.008405e-04
4.743660e-04
4.259998e-04
3.414904e-04
2.654014e-04
2.227841e-04
2.260571e-04
2.258329e-04
1.868399e-04
1.515375e-04
1.452511e-04
1.638011e-04
1.696507e-04
1.484232e-04
1.147408e-04
9.452409e-05
7.976172e-05
6.203639e-05
4.213280e-05
2.688752e-05
2.039880e-05
1.649241e-05
1.546795e-05
1.713537e-05
1.967331e-05
2.036562e-05
2.258618e-05
2.390278e-05
2.412557e-05
2.600493e-05
2.717917e-05
2.906241e-05
2.893581e-05
2.819096e-05
2.888545e-05
3.278955e-05
3.924084e-05
4.078315e-05
3.798066e-05
3.515919e-05
3.435828e-05
3.451350e-05
3.239338e-05
3.056803e-05
3.162864e-05
3.289112e-05
3.249828e-05
2.965728e-05
2.714832e-05
2.749770e-05
2.944682e-05
3.019060e-05
2.787180e-05
2.263870e-05
1.871856e-05
1.592729e-05
1.573875e-05
1.685487e-05
1.688670e-05
1.601379e-05
1.378426e-05
1.215073e-05
1.090995e-05
9.351289e-06
7.806015e-06
6.260103e-06
5.437731e-06
5.265781e-06
5.075241e-06
4.703871e-06
3.782370e-06
2.747334e-06
2.087912e-06
1.675214e-06
1.636310e-06
1.671392e-06
1.838322e-06
2.085362e-06
2.183935e-06
2.023441e-06
1.738221e-06
1.557176e-06
1.563814e-06
1.709129e-06
1.927165e-06
2.229638e-06
2.484459e-06
2.563011e-06
2.407613e-06
2.151975e-06
1.974867e-06
2.041248e-06
2.308016e-06
2.569181e-06
2.694319e-06
2.704595e-06
2.547135e-06
2.170284e-06
1.712669e-06
1.466353e-06
1.529230e-06
1.684195e-06
1.791795e-06
1.705944e-06
1.452474e-06
1.133261e-06
8.350755e-07
6.704991e-07
6.267829e-07
6.773124e-07
7.220085e-07
6.855114e-07
5.259880e-07
3.472411e-07
2.227484e-07
1.566597e-07
1.352575e-07
1.377156e-07
1.697100e-07
1.896146e-07
1.624877e-07
1.089097e-07
6.234416e-08
4.457590e-08
4.607337e-08
6.225562e-08
8.199761e-08
1.062716e-07
1.477863e-07
1.985424e-07
2.357889e-07
2.271280e-07
1.852596e-07
1.584838e-07
1.749809e-07
2.349386e-07
3.100748e-07
3.731652e-07
4.111862e-07
4.042992e-07
3.659456e-07
3.133856e-07
3.143618e-07
3.912121e-07
4.841675e-07
5.237271e-07
5.171410e-07
4.870722e-07
4.396588e-07
3.845784e-07
3.735457e-07
4.429490e-07
5.502025e-07
6.171284e-07
5.870525e-07
5.129382e-07
4.548990e-07
4.289425e-07
4.276307e-07
4.420045e-07
4.801763e-07
5.242886e-07
5.138186e-07
4.531691e-07
3.746405e-07
3.218499e-07
3.096171e-07
3.197195e-07
3.372637e-07
3.569434e-07
3.621625e-07
3.352347e-07
2.736989e-07
2.186369e-07
1.927689e-07
2.059633e-07
2.298103e-07
2.463277e-07
2.532263e-07
2.470502e-07
2.293113e-07
1.987458e-07
1.714705e-07
1.598076e-07
1.740478e-07
2.058773e-07
2.360502e-07
2.491394e-07
2.475183e-07
2.363156e-07
2.196904e-07
2.015604e-07
1.974309e-07
2.228956e-07
2.628005e-07
2.921902e-07
2.903256e-07
2.658725e-07
2.408921e-07
2.183612e-07
2.010632e-07
1.948932e-07
2.113918e-07
2.441115e-07
2.625424e-07
2.432447e-07
1.889205e-07
1.437983e-07
1.376466e-07
1.521120e-07
1.612055e-07
1.576057e-07
1.543750e-07
1.451816e-07
1.200601e-07
8.735019e-08
6.428908e-08
5.994293e-08
6.667265e-08
7.367288e-08
7.547231e-08
6.854356e-08
5.506757e-08
3.851717e-08
2.588042e-08
2.037052e-08
2.189890e-08
2.662376e-08
3.146369e-08
3.315952e-08
3.123675e-08
2.574136e-08
2.241059e-08
2.122253e-08
1.942318e-08
1.886370e-08
2.453837e-08
3.430553e-08
4.069156e-08
4.190411e-08
3.797432e-08
3.350053e-08
3.002936e-08
2.941522e-08
3.572338e-08
4.649567e-08
5.598145e-08
5.921891e-08
5.185050e-08
4.260969e-08
3.710277e-08
3.820499e-08
4.406944e-08
5.028772e-08
5.595746e-08
5.835624e-08
5.266951e-08
4.335876e-08
3.526415e-08
3.491116e-08
4.305103e-08
5.173710e-08
5.583903e-08
5.276388e-08
4.583189e-08
3.705694e-08
2.991445e-08
3.053457e-08
3.741527e-08
4.269194e-08
4.249437e-08
3.934116e-08
3.536014e-08
2.947553e-08
2.136844e-08
1.637199e-08
1.795516e-08
2.339504e-08
2.690153e-08
2.706846e-08
2.411855e-08
1.857158e-08
1.406802e-08
1.069933e-08
9.961547e-09
1.186551e-08
1.609882e-08
2.221966e-08
2.683337e-08
2.789780e-08
2.518870e-08
2.301780e-08
2.364226e-08
2.624243e-08
3.069767e-08
3.479800e-08
4.202969e-08
4.836554e-08
4.823276e-08
4.278482e-08
3.560491e-08
3.368079e-08
3.708766e-08
4.034007e-08
4.570973e-08
5.063963e-08
4.998169e-08
4.169131e-08
3.126510e-08
2.807891e-08
3.265030e-08
3.793826e-08
4.200004e-08
4.048487e-08
3.563762e-08
2.904454e-08
2.244234e-08
1.927440e-08
1.882346e-08
2.152030e-08
2.338733e-08
2.144010e-08
1.695767e-08
1.243658e-08
1.038080e-08
8.347396e-09
7.033282e-09
7.208496e-09
7.868326e-09
9.262218e-09
9.242637e-09
7.545588e-09
4.781181e-09
2.600903e-09
1.964577e-09
2.403113e-09
3.181790e-09
4.813576e-09
6.269181e-09
8.109952e-09
8.684556e-09
7.748170e-09
6.038076e-09
5.274552e-09
6.715799e-09
8.531407e-09
1.048825e-08
1.325737e-08
1.503321e-08
1.509431e-08
1.202561e-08
9.537851e-09
1.059674e-08
1.399853e-08
1.809835e-08
1.995954e-08
2.014769e-08
1.940230e-08
1.688112e-08
1.567425e-08
1.531872e-08
1.727623e-08
2.256504e-08
2.518566e-08
2.573736e-08
2.339378e-08
2.005534e-08
1.901831e-08
1.921433e-08
2.187079e-08
2.507196e-08
2.779228e-08
2.960398e-08
2.502584e-08
1.997463e-08
