1.502728e-04
1.100116e-04
2.494358e-05
8.103108e-07
1.050501e-09
1.193428e-10
4.475919e-10
6.757973e-10
4.009777e-10
3.595851e-10
4.056999e-10
3.558902e-10
1.682789e-10
4.265667e-11
5.755146e-11
1.031602e-10
1.735302e-10
1.933928e-10
1.605503e-10
1.446817e-10
1.158622e-10
7.697350e-11
8.328156e-11
2.615651e-10
4.713557e-10
4.376265e-10
1.990666e-10
3.359561e-11
3.669444e-11
7.575721e-11
5.977031e-11
4.333717e-11
5.935012e-11
4.397668e-11
4.170737e-11
8.643360e-11
8.482903e-11
5.138846e-11
2.660930e-11
2.283082e-11
2.629055e-11
2.067620e-11
2.593348e-11
5.517010e-11
9.261570e-11
9.902392e-11
7.220220e-11
3.318205e-11
1.795419e-11
3.346127e-11
6.415934e-11
6.921486e-11
5.888324e-11
5.215169e-11
3.987316e-11
4.791790e-11
5.601293e-11
4.500387e-11
3.657447e-11
2.183664e-11
2.066635e-11
2.222161e-11
2.176222e-11
2.735688e-11
2.147077e-11
1.802747e-11
1.466214e-11
6.822709e-12
5.770702e-12
9.825823e-12
2.466398e-11
3.349335e-11
2.585960e-11
1.052718e-11
3.742981e-12
3.449848e-12
1.155112e-11
2.253604e-11
2.502695e-11
2.653987e-11
2.388146e-11
1.772243e-11
8.712509e-12
5.125947e-12
9.928954e-12
1.384132e-11
1.252618e-11
1.013559e-11
8.444242e-12
5.697658e-12
3.664023e-12
1.387799e-12
2.471202e-12
4.314241e-12
5.550447e-12
6.494875e-12
7.005055e-12
6.285257e-12
4.454536e-12
4.508803e-12
4.009141e-12
5.295826e-12
9.174945e-12
7.417857e-12
3.013777e-12
3.865545e-12
6.324658e-12
8.874959e-12
7.359106e-12
8.771762e-12
1.125725e-11
9.666868e-12
5.649076e-12
3.940846e-12
6.715470e-12
9.565822e-12
1.008997e-11
1.093215e-11
1.198574e-11
7.246014e-12
3.380293e-12
3.482260e-12
5.759773e-12
5.662706e-12
2.265255e-12
2.160438e-12
4.327798e-12
7.388428e-12
1.052269e-11
1.112111e-11
8.619090e-12
5.097412e-12
3.678727e-12
5.544969e-12
7.047405e-12
6.768358e-12
6.527327e-12
5.319725e-12
3.770490e-12
1.795111e-12
9.441283e-13
1.323972e-12
2.337181e-12
2.663579e-12
2.238031e-12
1.444536e-12
4.901913e-13
2.379598e-13
6.819685e-13
2.615973e-12
4.277613e-12
3.903951e-12
2.056822e-12
7.976574e-13
7.713989e-13
8.491483e-13
3.661161e-13
1.474714e-13
4.250116e-13
1.026051e-12
1.068760e-12
7.426722e-13
3.853949e-13
7.204117e-13
1.736687e-12
2.231749e-12
1.818043e-12
6.617844e-13
4.205096e-13
7.812278e-13
1.456350e-12
1.793789e-12
2.073205e-12
1.223110e-12
1.087705e-12
1.205564e-12
1.396948e-12
1.335294e-12
7.086542e-13
6.013616e-13
3.857514e-13
2.578483e-13
4.585835e-13
6.649850e-13
6.004655e-13
6.191925e-13
6.224173e-13
6.607045e-13
4.774959e-13
5.277187e-13
8.422902e-13
9.013115e-13
1.631420e-12
2.686058e-12
2.997869e-12
2.199384e-12
1.055067e-12
7.638801e-13
6.444898e-13
3.716308e-13
5.197519e-13
9.314879e-13
1.117611e-12
6.415228e-13
2.089639e-13
1.814401e-13
2.716386e-13
5.380958e-13
1.193521e-12
1.515851e-12
1.270369e-12
6.543711e-13
4.027050e-13
4.316897e-13
5.932572e-13
9.843108e-13
1.153055e-12
1.106028e-12
1.209139e-12
1.108687e-12
1.514618e-12
1.384380e-12
6.351298e-13
3.469709e-13
6.968618e-13
1.182787e-12
1.192947e-12
6.945407e-13
3.637592e-13
4.253917e-13
8.268936e-13
1.202635e-12
1.299904e-12
1.225362e-12
1.079141e-12
6.108093e-13
4.803904e-13
4.144392e-13
4.364031e-13
3.242482e-13
2.838546e-13
4.209182e-13
5.399837e-13
6.150391e-13
5.698748e-13
4.139167e-13
4.240866e-13
7.850605e-13
7.608900e-13
5.212454e-13
3.961054e-13
7.447750e-13
1.063374e-12
9.190384e-13
6.832107e-13
5.560768e-13
5.716465e-13
5.678655e-13
4.942740e-13
4.684983e-13
6.082248e-13
5.513978e-13
4.583438e-13
4.485826e-13
4.412184e-13
3.769195e-13
2.177581e-13
7.467972e-14
9.811038e-14
2.377958e-13
3.120954e-13
2.201855e-13
7.405274e-14
1.129874e-13
2.003116e-13
3.089872e-13
3.126267e-13
3.123839e-13
1.856528e-13
6.893523e-14
1.133647e-13
2.310030e-13
4.069302e-13
3.350313e-13
2.292611e-13
9.769704e-14
1.764287e-13
2.034440e-13
2.810445e-13
2.129395e-13
1.719693e-13
1.427855e-13
2.015995e-13
2.783031e-13
2.429284e-13
1.897647e-13
1.266223e-13
1.208642e-13
1.038446e-13
1.207240e-13
8.329384e-14
8.541374e-14
7.397486e-14
1.163011e-13
7.277171e-14
6.923419e-14
1.433141e-13
2.025887e-13
1.897072e-13
2.294211e-13
3.023598e-13
3.063617e-13
3.327565e-13
2.753579e-13
1.625610e-13
8.129050e-14
9.885694e-14
4.326841e-14
8.926798e-14
2.849285e-13
3.907694e-13
2.857774e-13
1.752052e-13
7.861608e-14
9.678896e-14
1.036920e-13
7.169902e-14
9.447793e-14
1.024217e-13
1.191206e-13
2.212738e-13
2.738972e-13
3.229388e-13
2.974388e-13
1.645555e-13
1.407076e-13
1.834859e-13
2.556699e-13
2.009090e-13
1.566562e-13
1.497244e-13
1.311178e-13
7.919034e-14
1.154122e-13
2.220033e-13
2.542390e-13
2.322636e-13
1.622985e-13
1.695131e-13
1.187283e-13
1.186812e-13
4.341978e-14
2.969971e-14
1.332813e-13
1.672703e-13
2.012226e-13
1.816926e-13
3.029320e-13
3.270651e-13
2.567277e-13
1.147661e-13
6.938136e-14
1.014492e-13
1.751237e-13
1.314306e-13
2.342476e-13
2.015359e-13
1.864445e-13
1.564252e-13
8.836385e-14
8.424623e-14
6.210355e-14
7.766132e-14
1.081517e-13
1.316093e-13
1.246473e-13
1.772360e-13
1.636642e-13
2.190838e-13
2.902588e-13
2.039367e-13
1.426747e-13
6.810336e-14
8.264725e-14
1.278902e-13
1.443347e-13
1.187449e-13
1.084950e-13
7.704312e-14
1.575143e-13
1.822983e-13
2.731470e-13
1.285406e-13
5.322278e-14
2.467932e-14
3.197836e-14
6.649018e-14
2.199430e-14
4.359759e-14
7.129489e-14
1.196007e-13
