7.902885e-05
5.747396e-05
1.304733e-05
4.178182e-07
1.600778e-09
3.941606e-10
4.124792e-10
4.089347e-10
3.829020e-10
9.299193e-10
1.213790e-09
1.054666e-09
4.011318e-10
3.546195e-10
2.908174e-10
1.729695e-10
1.841376e-10
1.420754e-10
1.401006e-10
1.045581e-10
7.612590e-11
2.393550e-10
1.806008e-10
2.755984e-11
2.043269e-10
2.402114e-10
5.955039e-11
1.314203e-10
1.569130e-10
3.141748e-11
5.030295e-11
1.162844e-10
8.185591e-11
7.146454e-11
1.577448e-10
1.658244e-10
4.988570e-11
1.430023e-11
1.953385e-11
3.089623e-11
1.406324e-10
1.342835e-10
1.133202e-10
1.510002e-10
6.967607e-11
3.988396e-11
3.951351e-11
1.490452e-11
1.845153e-11
3.114800e-11
4.816354e-11
5.828545e-11
4.404842e-11
2.638957e-11
2.032456e-11
2.774476e-11
2.599686e-11
2.264153e-11
2.036755e-11
2.017901e-11
2.209535e-11
2.160931e-11
1.578894e-11
1.143475e-11
9.052576e-12
1.105226e-11
9.596014e-12
8.780690e-12
1.398279e-11
6.404469e-12
6.326981e-12
5.051780e-12
6.057850e-12
5.965897e-12
7.257097e-12
6.181688e-12
1.081618e-11
7.899684e-12
8.544323e-12
8.604389e-12
5.627164e-12
7.843549e-12
8.751089e-12
5.305402e-12
3.376169e-12
2.087391e-12
3.322826e-12
6.486832e-12
1.094798e-11
1.741584e-11
1.658134e-11
1.575758e-11
1.162707e-11
5.665113e-12
3.356746e-12
2.180479e-12
2.632854e-12
5.378631e-12
5.143463e-12
4.503100e-12
5.253399e-12
3.141162e-12
2.919938e-12
2.254597e-12
2.417950e-12
2.315824e-12
1.997450e-12
3.058103e-12
2.530280e-12
2.064706e-12
2.203948e-12
2.283618e-12
2.489438e-12
2.533157e-12
2.412834e-12
2.620300e-12
2.989518e-12
2.615996e-12
3.931963e-12
4.773037e-12
4.159998e-12
3.987905e-12
5.838947e-12
6.443602e-12
7.053625e-12
8.728794e-12
6.286593e-12
3.563963e-12
3.262950e-12
3.833944e-12
3.557477e-12
2.559879e-12
2.239464e-12
2.230776e-12
1.510362e-12
1.373274e-12
1.326655e-12
7.360492e-13
1.817188e-12
1.774226e-12
1.423249e-12
1.026087e-12
1.296144e-12
1.162025e-12
1.255207e-12
1.161365e-12
1.352342e-12
9.724824e-13
1.134180e-12
1.312671e-12
1.050326e-12
1.442865e-12
1.091885e-12
6.257832e-13
7.832488e-13
4.503226e-13
2.437123e-13
5.891132e-13
2.547105e-13
3.105692e-13
8.179765e-13
1.097498e-12
1.182305e-12
1.010174e-12
6.656859e-13
6.867503e-13
6.952970e-13
6.239135e-13
5.033547e-13
3.632113e-13
1.445446e-13
1.171110e-13
8.160397e-14
1.251408e-13
1.276402e-13
2.212918e-13
3.376874e-13
3.310586e-13
2.844082e-13
2.656272e-13
4.526915e-13
7.590373e-13
7.805286e-13
6.813929e-13
6.903379e-13
3.638789e-13
4.542009e-13
3.308630e-13
3.171999e-13
3.631361e-13
2.989049e-13
3.973329e-13
2.297182e-13
2.317016e-13
2.382451e-13
2.200896e-13
2.604684e-13
1.655596e-13
2.907178e-13
4.743897e-13
6.965402e-13
1.065358e-12
1.164385e-12
8.065982e-13
4.583436e-13
5.492142e-13
5.279755e-13
3.296321e-13
2.327475e-13
2.080066e-13
1.555114e-13
1.161632e-13
1.282942e-13
1.086039e-13
2.889910e-13
4.689996e-13
4.548347e-13
5.206488e-13
5.560760e-13
5.436143e-13
4.005941e-13
4.057772e-13
2.484776e-13
2.040010e-13
2.171932e-13
1.691338e-13
2.005775e-13
2.710539e-13
3.492245e-13
2.438545e-13
2.241709e-13
1.648655e-13
1.314202e-13
2.061098e-13
2.498803e-13
1.889579e-13
1.031559e-13
5.897340e-14
1.337403e-13
2.778091e-13
4.637068e-13
6.460857e-13
5.725891e-13
4.408156e-13
2.722644e-13
2.442860e-13
2.561505e-13
2.516404e-13
1.302296e-13
2.079483e-13
2.427760e-13
2.812501e-13
1.483592e-13
8.189325e-14
1.592496e-13
3.703866e-13
7.196044e-13
8.051102e-13
7.460778e-13
6.780693e-13
5.613900e-13
3.262768e-13
1.855743e-13
1.393916e-13
2.392920e-13
2.734190e-13
2.962000e-13
2.422515e-13
1.686172e-13
1.692142e-13
1.197526e-13
2.257085e-13
4.061893e-13
5.496148e-13
4.991003e-13
4.352236e-13
2.060586e-13
9.894111e-14
5.804226e-14
7.207372e-14
6.847735e-14
3.737452e-14
1.381094e-13
2.675746e-13
2.495165e-13
1.638013e-13
6.450875e-14
1.082590e-13
1.067423e-13
1.817935e-13
1.662473e-13
1.710161e-13
1.716064e-13
1.330518e-13
1.226871e-13
1.002567e-13
8.148634e-14
1.118414e-13
1.474347e-13
1.772689e-13
1.606049e-13
2.093492e-13
1.444881e-13
1.293343e-13
1.953949e-13
2.368037e-13
3.354126e-13
2.741353e-13
2.941374e-13
2.674688e-13
2.801329e-13
2.135336e-13
2.120115e-13
1.438136e-13
1.868763e-13
2.204991e-13
1.554193e-13
1.654164e-13
1.475847e-13
1.260430e-13
1.229120e-13
1.418047e-13
1.607281e-13
1.481290e-13
1.018859e-13
6.407528e-14
5.829206e-14
4.831111e-14
6.721611e-14
1.170804e-13
9.343755e-14
6.613369e-14
3.673467e-14
7.713869e-14
9.023643e-14
1.295453e-13
1.484115e-13
1.609716e-13
9.119893e-14
5.397744e-14
2.881365e-14
3.142170e-14
1.989480e-14
3.140223e-14
4.970421e-14
1.067146e-13
1.233946e-13
1.474132e-13
1.128669e-13
8.096872e-14
6.579362e-14
7.724501e-14
8.087515e-14
1.262167e-13
1.788319e-13
1.740680e-13
1.391271e-13
1.187674e-13
7.289916e-14
7.079581e-14
1.139765e-13
1.644192e-13
2.210594e-13
2.335008e-13
2.511524e-13
1.060538e-13
9.304946e-14
1.029337e-13
1.445098e-13
1.663658e-13
1.788883e-13
2.563950e-13
2.159180e-13
1.858225e-13
7.133469e-14
3.907844e-14
1.616304e-14
2.295871e-14
1.775481e-14
2.195472e-14
3.663347e-14
4.506681e-14
9.132032e-14
1.298361e-13
1.538005e-13
1.177026e-13
7.986935e-14
1.081793e-13
1.052847e-13
8.213046e-14
4.387226e-14
5.369488e-14
9.272765e-14
4.980302e-14
7.342255e-14
3.005861e-14
4.670574e-14
5.194040e-14
1.006334e-13
6.268936e-14
1.127467e-13
