4.036716e-02
2.955391e-02
6.599150e-03
3.848786e-04
1.567245e-04
7.971609e-05
3.577549e-05
1.322162e-05
3.831015e-06
6.066652e-06
5.094403e-06
2.890609e-06
3.053915e-06
4.384862e-06
4.900733e-06
4.191897e-06
3.764047e-06
3.553710e-06
2.770555e-06
1.751867e-06
1.140561e-06
8.156878e-07
8.144098e-07
8.303224e-07
8.288164e-07
7.112788e-07
5.777305e-07
4.241618e-07
2.861692e-07
1.880555e-07
1.223455e-07
8.868561e-08
9.168286e-08
1.139384e-07
1.358742e-07
1.141391e-07
8.145929e-08
6.795493e-08
6.380681e-08
9.177693e-08
1.263656e-07
1.269178e-07
1.225429e-07
8.673402e-08
3.932671e-08
2.285477e-08
1.460852e-08
1.276707e-08
1.951057e-08
1.551759e-08
9.747670e-09
6.811361e-09
3.908635e-09
9.785611e-09
1.195366e-08
9.513728e-09
5.949415e-09
4.585882e-09
7.168561e-09
6.324849e-09
4.997176e-09
3.793649e-09
3.148060e-09
4.633268e-09
7.060147e-09
9.212663e-09
1.032449e-08
9.348764e-09
6.966322e-09
4.905905e-09
3.773219e-09
2.680100e-09
2.163913e-09
1.884553e-09
1.166897e-09
8.454352e-10
1.552772e-09
2.897371e-09
3.175273e-09
2.544827e-09
1.529115e-09
8.321517e-10
6.295072e-10
4.303298e-10
6.018586e-10
5.676166e-10
4.562621e-10
4.984781e-10
5.928368e-10
6.859502e-10
7.257535e-10
8.715488e-10
9.974229e-10
1.220011e-09
8.792554e-10
6.308300e-10
3.403705e-10
1.816804e-10
3.263234e-10
4.009268e-10
3.361303e-10
1.531311e-10
2.465071e-10
4.028195e-10
2.723567e-10
1.742027e-10
9.568354e-11
1.554681e-10
2.127226e-10
1.179689e-10
9.242677e-11
9.552059e-11
7.608324e-11
1.071514e-10
1.017199e-10
8.052568e-11
9.454086e-11
8.118774e-11
1.552778e-10
1.430964e-10
1.801008e-10
8.722082e-11
9.164924e-11
8.984189e-11
1.249929e-10
1.297192e-10
8.606491e-11
6.828009e-11
4.182965e-11
4.367389e-11
4.499454e-11
6.719642e-11
1.184823e-10
1.731442e-10
1.831317e-10
1.525455e-10
8.346242e-11
4.716081e-11
2.989045e-11
1.150696e-11
9.026633e-12
1.262934e-11
9.017808e-12
7.724850e-12
2.408884e-11
4.969784e-11
6.253092e-11
7.823230e-11
5.897958e-11
5.541084e-11
6.493009e-11
7.183436e-11
5.062090e-11
3.372894e-11
1.988229e-11
1.265037e-11
1.894500e-11
1.560932e-11
2.164016e-11
2.653623e-11
2.157153e-11
1.124138e-11
1.506509e-11
5.718203e-12
1.403376e-11
1.305887e-11
1.341424e-11
2.253399e-11
1.630631e-11
2.643973e-11
2.088258e-11
3.238070e-11
2.921734e-11
2.971379e-11
2.217771e-11
1.322210e-11
1.281247e-11
1.250563e-11
1.458583e-11
5.538383e-12
7.263713e-12
6.957390e-12
1.248877e-11
1.208170e-11
1.233277e-11
8.475868e-12
9.082067e-12
7.254147e-12
1.334051e-11
1.298446e-11
8.264989e-12
5.222283e-12
3.143541e-12
3.345828e-12
7.806314e-12
6.336746e-12
5.779010e-12
4.004524e-12
6.589245e-12
1.312654e-11
1.424350e-11
8.109064e-12
8.059153e-12
1.064494e-12
2.230495e-12
3.700659e-12
5.626631e-12
1.145693e-11
9.126406e-12
8.264387e-12
1.054673e-11
1.227437e-11
3.261577e-11
2.546561e-11
3.470465e-11
1.476933e-11
1.009968e-11
5.533215e-12
8.833524e-12
6.805038e-12
5.943039e-12
4.141084e-11
2.155856e-10
2.968308e-10
3.452757e-10
2.497452e-10
1.012748e-10
5.800294e-12
3.410386e-12
3.971217e-12
1.324261e-12
2.801898e-12
1.212782e-11
6.204496e-11
8.267863e-11
7.651681e-11
5.741084e-11
1.853311e-11
3.268358e-12
5.160814e-12
4.856150e-12
5.521989e-12
6.292528e-12
5.322523e-12
1.136700e-11
1.019200e-11
9.889903e-12
2.921807e-12
6.154516e-12
4.002200e-12
3.438985e-12
1.591970e-12
3.133933e-12
3.032659e-12
3.342525e-12
2.006434e-12
3.345672e-12
1.802466e-12
3.091821e-12
2.216578e-12
3.662235e-12
2.425234e-12
4.749433e-12
3.512526e-12
6.563300e-12
6.774057e-12
6.052660e-12
3.830397e-12
3.055270e-12
3.782065e-12
2.954711e-12
6.379916e-12
1.972118e-12
3.686607e-12
9.868640e-13
5.716793e-12
3.379593e-12
7.439140e-12
2.394018e-12
8.696048e-12
5.209743e-12
7.037530e-12
3.284925e-12
3.704584e-12
3.393240e-12
5.013272e-12
4.910978e-12
6.010933e-12
5.961163e-12
4.498781e-12
8.112204e-12
6.702185e-12
7.123930e-12
4.139529e-12
3.565195e-12
1.835369e-12
5.245701e-12
2.466778e-12
7.350585e-12
2.468164e-12
3.730113e-12
5.255990e-13
2.523525e-12
2.366315e-12
4.682068e-12
5.787433e-12
5.684162e-12
4.211111e-12
2.738003e-12
2.475393e-12
1.949252e-12
5.584972e-12
6.903872e-12
7.642945e-12
6.536859e-12
4.534185e-12
4.323849e-12
2.847771e-12
2.848210e-12
2.215134e-12
4.589244e-12
1.793283e-12
4.905650e-12
2.110057e-12
4.324833e-12
1.371347e-12
5.010181e-12
1.898476e-12
4.957180e-12
1.634497e-12
4.375451e-12
5.587292e-12
5.059325e-12
7.483189e-12
5.637423e-12
6.689165e-12
6.214505e-12
3.738630e-12
2.789714e-12
1.631474e-12
3.840624e-12
1.630360e-12
2.891758e-12
8.409547e-13
4.623763e-12
2.469079e-12
5.880925e-12
3.937238e-12
7.346566e-12
6.137828e-12
9.334188e-12
3.406947e-12
4.139557e-12
1.780835e-12
4.764701e-12
3.401958e-12
5.075928e-12
5.178939e-12
4.601724e-12
2.195640e-12
9.930433e-13
1.724339e-12
1.775997e-12
3.446904e-12
2.663199e-12
1.305207e-12
2.766814e-12
1.461819e-12
1.044060e-12
3.498099e-12
7.833539e-13
2.611415e-12
2.403488e-12
3.659078e-12
9.935213e-12
4.814010e-12
5.288422e-12
2.305637e-12
2.307454e-12
2.309801e-12
2.522694e-12
2.736561e-12
4.427320e-12
2.692230e-12
3.967157e-12
2.014226e-12
3.612063e-12
2.502966e-12
5.553624e-12
2.785032e-12
3.653662e-12
3.181473e-12
2.219770e-12
3.207475e-12
1.365460e-12
1.317227e-12
2.979809e-12
2.386103e-12
4.020124e-12
4.609278e-12
5.887765e-12
