4.173162e-05
3.054901e-05
6.902396e-06
2.179338e-07
2.617385e-10
1.659265e-10
1.439108e-10
8.162038e-11
4.020465e-11
3.984557e-11
6.793022e-11
6.777580e-11
4.155500e-11
2.891489e-11
5.022499e-11
7.623427e-11
8.312978e-11
6.626721e-11
5.094777e-11
4.903716e-11
2.919711e-11
1.276018e-11
8.752677e-12
1.156338e-11
1.838547e-11
1.252482e-11
7.553157e-12
8.692866e-12
6.990540e-12
5.739874e-12
1.045054e-11
1.087419e-11
1.105543e-11
9.562773e-12
1.360307e-11
1.128095e-11
8.732719e-12
5.590701e-12
4.359277e-12
4.197462e-12
2.677058e-12
3.785662e-12
6.851502e-12
9.362482e-12
1.144838e-11
8.960860e-12
7.668770e-12
6.292954e-12
7.067711e-12
8.710664e-12
8.400571e-12
7.642541e-12
7.153292e-12
7.318530e-12
9.903060e-12
1.209722e-11
1.241706e-11
1.213886e-11
1.117412e-11
9.629643e-12
7.328896e-12
5.559689e-12
4.028100e-12
4.250384e-12
5.429744e-12
4.868883e-12
3.294030e-12
2.589114e-12
2.910453e-12
2.706742e-12
2.885986e-12
3.484042e-12
3.575893e-12
2.802971e-12
2.397857e-12
3.153757e-12
5.422163e-12
6.704779e-12
7.135765e-12
6.187613e-12
4.516232e-12
3.611808e-12
1.863326e-12
1.496454e-12
2.738692e-12
2.376239e-12
1.324058e-12
6.011228e-13
1.051374e-12
1.894768e-12
2.293771e-12
1.728834e-12
1.190736e-12
1.706798e-12
1.318781e-12
8.733214e-13
1.326533e-12
1.785741e-12
1.894178e-12
1.756967e-12
1.489746e-12
7.844285e-13
5.102920e-13
1.195441e-12
1.823628e-12
2.340775e-12
2.046991e-12
1.227984e-12
1.134525e-12
8.288551e-13
7.105956e-13
7.183407e-13
9.011506e-13
7.753779e-13
5.525160e-13
4.903581e-13
9.346320e-13
1.319615e-12
1.021394e-12
9.701045e-13
1.091180e-12
9.973191e-13
9.887292e-13
7.265367e-13
6.752181e-13
9.288145e-13
1.150087e-12
1.262766e-12
7.982714e-13
2.898027e-13
1.301144e-13
1.092948e-13
1.026713e-13
2.772994e-13
2.994987e-13
2.034093e-13
2.375109e-13
5.245680e-13
8.886388e-13
1.146458e-12
9.930216e-13
5.829695e-13
3.659657e-13
3.461389e-13
6.127204e-13
7.568605e-13
7.448909e-13
5.044619e-13
5.254033e-13
5.145886e-13
4.170413e-13
3.377490e-13
1.875104e-13
1.278524e-13
1.024111e-13
1.383041e-13
1.701448e-13
1.966481e-13
3.095682e-13
4.432039e-13
4.392471e-13
4.338058e-13
4.380139e-13
3.625925e-13
2.497113e-13
3.161595e-13
2.558482e-13
2.803974e-13
3.841224e-13
3.981603e-13
4.051473e-13
3.656193e-13
3.554429e-13
2.501777e-13
2.612052e-13
2.663862e-13
1.834659e-13
1.777955e-13
9.189580e-14
1.160542e-13
3.629603e-13
4.226880e-13
4.559682e-13
3.506557e-13
3.393077e-13
3.586387e-13
4.534895e-13
3.725401e-13
2.725447e-13
2.069574e-13
2.710356e-13
3.996880e-13
3.687299e-13
3.176132e-13
1.825126e-13
1.129729e-13
3.960013e-14
7.095453e-14
1.543602e-13
2.630704e-13
3.899364e-13
5.064456e-13
4.506191e-13
2.832151e-13
1.616167e-13
1.292555e-13
1.322613e-13
7.136244e-14
3.357573e-14
4.583948e-14
1.099825e-13
1.588886e-13
1.257125e-13
1.945174e-13
2.283543e-13
2.207781e-13
1.292026e-13
1.127251e-13
1.632628e-13
1.701626e-13
1.647622e-13
2.415780e-13
2.361883e-13
2.753613e-13
2.516104e-13
2.048814e-13
2.317565e-13
3.213976e-13
3.550392e-13
2.723470e-13
2.857843e-13
2.234223e-13
1.258855e-13
9.016384e-14
6.451826e-14
6.027865e-14
1.003702e-13
1.224838e-13
1.101616e-13
9.057039e-14
6.303918e-14
9.650736e-14
1.442352e-13
1.457103e-13
1.608051e-13
1.689707e-13
1.249659e-13
9.492382e-14
8.012916e-14
1.094632e-13
1.628272e-13
2.201307e-13
2.350971e-13
2.517214e-13
2.349067e-13
2.346064e-13
1.971646e-13
1.419271e-13
8.050837e-14
9.096121e-14
7.956446e-14
1.070136e-13
1.091096e-13
8.828147e-14
4.385448e-14
6.233511e-14
5.907921e-14
8.764387e-14
7.392338e-14
7.313713e-14
8.119307e-14
9.296726e-14
1.263570e-13
1.249795e-13
8.547392e-14
4.204087e-14
8.329408e-14
1.029364e-13
1.229979e-13
5.781562e-14
5.040665e-14
5.395213e-14
5.665225e-14
5.607018e-14
3.457000e-14
4.307200e-14
2.444578e-14
6.217947e-15
2.529692e-14
3.878999e-14
4.711018e-14
6.208108e-14
1.291971e-13
2.061186e-13
1.819132e-13
1.203970e-13
6.365121e-14
6.222789e-14
7.890686e-14
6.413698e-14
5.020677e-14
4.668574e-14
3.731652e-14
5.880183e-14
9.491629e-14
8.032220e-14
6.448860e-14
4.258125e-14
7.662640e-14
1.161189e-13
1.232537e-13
1.228497e-13
1.379263e-13
1.103591e-13
1.465369e-13
1.047418e-13
7.088234e-14
4.224199e-14
5.291522e-14
6.985202e-14
4.580867e-14
6.169838e-14
5.773037e-14
5.668721e-14
1.652206e-14
2.258809e-14
5.646446e-14
1.045573e-13
1.411537e-13
1.327633e-13
1.158074e-13
7.169210e-14
3.573545e-14
3.406180e-14
2.151868e-14
2.297432e-14
2.861059e-14
6.305838e-14
1.273196e-13
1.999243e-13
1.910980e-13
1.891519e-13
1.697092e-13
1.327620e-13
1.270938e-13
1.089483e-13
1.003590e-13
1.086632e-13
1.233936e-13
1.333425e-13
1.389040e-13
1.405013e-13
1.793161e-13
1.603407e-13
1.459591e-13
1.166363e-13
9.960167e-14
8.795350e-14
8.149145e-14
7.524892e-14
5.305622e-14
4.185446e-14
2.796269e-14
4.038328e-14
3.685828e-14
2.484289e-14
9.729347e-15
1.863201e-14
2.442639e-14
2.298064e-14
2.961314e-14
5.156879e-14
9.862177e-14
1.237455e-13
1.059561e-13
7.635698e-14
5.772065e-14
7.916711e-14
8.006132e-14
6.119992e-14
7.648407e-14
9.223710e-14
1.005283e-13
6.154191e-14
3.335009e-14
2.185947e-14
3.138444e-14
2.153967e-14
4.383239e-14
9.026044e-14
1.659734e-13
1.308607e-13
9.145667e-14
8.234861e-14
9.876100e-14
7.269050e-14
4.682632e-14
4.554837e-14
4.516674e-14
6.575410e-14
7.228609e-14
