5.149638e-05
3.776059e-05
8.519006e-06
2.669575e-07
5.007452e-10
3.395663e-10
2.763071e-10
2.670388e-10
1.868453e-10
7.361289e-11
5.225231e-11
5.907862e-11
8.015084e-11
3.635236e-11
5.556992e-11
1.075430e-10
8.330425e-11
9.716367e-11
1.203378e-10
1.688065e-10
1.317292e-10
6.292621e-11
3.902993e-11
1.917268e-11
1.665303e-11
6.251406e-11
1.440260e-10
2.113441e-10
2.576000e-10
1.672732e-10
6.969265e-11
5.010112e-11
6.587754e-11
8.736662e-11
4.660028e-11
2.982391e-11
5.549515e-11
4.353257e-11
2.747546e-11
1.491924e-11
8.569363e-12
8.602055e-12
1.030655e-11
1.191338e-11
1.201048e-11
8.869548e-12
4.699506e-12
8.223575e-12
1.455449e-11
2.736592e-11
2.960517e-11
2.320754e-11
1.396980e-11
9.291338e-12
1.874642e-11
1.615736e-11
7.879151e-12
4.606263e-12
4.138309e-12
4.726384e-12
5.101271e-12
8.026580e-12
8.216504e-12
6.121235e-12
5.263245e-12
6.447234e-12
1.019105e-11
1.128779e-11
8.858714e-12
7.295174e-12
5.298287e-12
4.098397e-12
4.089205e-12
4.565163e-12
3.679889e-12
2.059194e-12
1.084524e-12
1.115437e-12
2.618821e-12
4.036285e-12
5.346786e-12
3.970025e-12
2.786152e-12
3.585697e-12
4.931958e-12
5.495316e-12
4.884883e-12
4.620932e-12
3.374898e-12
3.433270e-12
4.733079e-12
5.428899e-12
4.816674e-12
3.184838e-12
2.406258e-12
2.900081e-12
3.058750e-12
2.027997e-12
1.084047e-12
5.738572e-13
1.445328e-12
3.483484e-12
4.332298e-12
4.069140e-12
3.020117e-12
2.438522e-12
3.428303e-12
3.619147e-12
3.398746e-12
2.345481e-12
1.676769e-12
1.831062e-12
1.530815e-12
1.295517e-12
1.486833e-12
1.504971e-12
1.285661e-12
1.447622e-12
2.275929e-12
2.395432e-12
2.081628e-12
2.678237e-12
3.961054e-12
3.987132e-12
3.980704e-12
2.936935e-12
1.724059e-12
1.261731e-12
1.079207e-12
7.838722e-13
1.415362e-12
2.060788e-12
1.626462e-12
9.931522e-13
6.579628e-13
5.169280e-13
8.159087e-13
8.513015e-13
7.741419e-13
5.690032e-13
4.491335e-13
4.642249e-13
4.762602e-13
3.747141e-13
5.957665e-13
1.121546e-12
1.225873e-12
1.070335e-12
9.446398e-13
5.204958e-13
3.315960e-13
2.674354e-13
1.831484e-13
1.516645e-13
2.806696e-13
2.422947e-13
3.583377e-13
5.843710e-13
7.549717e-13
8.253791e-13
1.037004e-12
1.107872e-12
1.223285e-12
1.178830e-12
1.018358e-12
8.381190e-13
9.164853e-13
1.022590e-12
1.130810e-12
8.093545e-13
5.654994e-13
7.254755e-13
9.358322e-13
8.390909e-13
5.621088e-13
2.481263e-13
3.033507e-13
4.270051e-13
5.345895e-13
5.715183e-13
3.598943e-13
2.049898e-13
1.602215e-13
9.932961e-14
1.657795e-13
2.623720e-13
3.749400e-13
4.443524e-13
4.940247e-13
5.985954e-13
6.426646e-13
5.066857e-13
2.907490e-13
1.669507e-13
1.071055e-13
1.825483e-13
2.171023e-13
3.266746e-13
3.854386e-13
3.918798e-13
3.647381e-13
5.351956e-13
4.661416e-13
4.048239e-13
2.955759e-13
3.686963e-13
4.352213e-13
4.258162e-13
3.320331e-13
3.133082e-13
2.797255e-13
2.595594e-13
2.394083e-13
2.383061e-13
1.536429e-13
1.224563e-13
4.524898e-14
5.262867e-14
8.675993e-14
2.126829e-13
3.703945e-13
3.766826e-13
2.112375e-13
1.666948e-13
2.016187e-13
2.774167e-13
2.522787e-13
2.067419e-13
2.144599e-13
2.498592e-13
2.532531e-13
1.599737e-13
9.070286e-14
1.363614e-13
2.268879e-13
3.524092e-13
3.504582e-13
3.247584e-13
2.190308e-13
2.089960e-13
1.495492e-13
8.100493e-14
8.315019e-14
4.877835e-14
4.831702e-14
6.910007e-14
1.095671e-13
1.256996e-13
1.609732e-13
1.107634e-13
1.094251e-13
8.176556e-14
1.142291e-13
1.988831e-13
3.917730e-13
4.171195e-13
3.041780e-13
2.737014e-13
4.299922e-13
4.115147e-13
2.659151e-13
1.198587e-13
1.054945e-13
5.966611e-14
4.216141e-14
5.760872e-14
1.032659e-13
1.567447e-13
1.005916e-13
5.812752e-14
7.967191e-14
9.920155e-14
1.209583e-13
1.047141e-13
1.141724e-13
9.275310e-14
1.193768e-13
9.268013e-14
5.124602e-14
2.785551e-14
4.817480e-14
1.218281e-13
1.769829e-13
2.314450e-13
2.167345e-13
2.096395e-13
1.981071e-13
1.371647e-13
1.099923e-13
4.152124e-14
3.997224e-14
8.444294e-14
1.203506e-13
1.207210e-13
1.184741e-13
1.286743e-13
1.415486e-13
1.499881e-13
1.883212e-13
1.909258e-13
1.737644e-13
1.288877e-13
1.002165e-13
1.161700e-13
9.729294e-14
4.599483e-14
1.960021e-14
2.491919e-14
3.024391e-14
4.778814e-14
5.021218e-14
3.317370e-14
2.977216e-14
4.558052e-14
3.843222e-14
8.211526e-14
1.148264e-13
1.490434e-13
9.979380e-14
9.063264e-14
5.235745e-14
6.783184e-14
4.985932e-14
3.188152e-14
2.987830e-14
4.394545e-14
1.106014e-13
1.751704e-13
1.835770e-13
1.105741e-13
5.531876e-14
2.195864e-14
2.345182e-14
2.694321e-14
3.782807e-14
3.548968e-14
4.894922e-14
9.090284e-14
1.417827e-13
2.334453e-13
2.410912e-13
1.650679e-13
1.721565e-13
1.322047e-13
1.717113e-13
6.681565e-14
2.378020e-14
2.899376e-15
4.802754e-15
1.961928e-14
2.101824e-14
3.126438e-14
6.127043e-14
3.661461e-14
1.586359e-14
1.238834e-14
4.285653e-14
9.872855e-14
6.378571e-14
4.776354e-14
6.408283e-14
9.243157e-14
1.472970e-13
1.611157e-13
1.163521e-13
7.249832e-14
4.440163e-14
1.301663e-14
2.850216e-14
4.860884e-14
8.076047e-14
5.398253e-14
3.718491e-14
1.707457e-14
2.549694e-14
3.798245e-14
5.180578e-14
4.647083e-14
3.293589e-14
2.344306e-14
4.204722e-14
7.789517e-14
7.044513e-14
5.506167e-14
5.517288e-14
7.452609e-14
7.912697e-14
8.260697e-14
9.058529e-14
7.099244e-14
4.578457e-14
6.118022e-14
9.500246e-14
6.682742e-14
7.713794e-14
6.417616e-14
5.320370e-14
3.590133e-14
5.806285e-14
9.411101e-14
1.241761e-13
