5.656507e-05
4.228910e-05
1.018893e-05
6.783598e-07
1.479036e-07
8.083965e-08
5.185223e-08
3.398857e-08
2.654008e-08
2.280290e-08
1.684074e-08
1.108467e-08
4.691723e-09
1.068891e-09
1.677562e-10
8.075595e-10
1.612140e-09
2.157309e-09
2.029603e-09
2.069083e-09
1.994743e-09
2.061897e-09
2.311243e-09
1.943523e-09
1.565662e-09
1.520473e-09
1.536412e-09
1.482827e-09
1.668764e-09
2.010037e-09
2.244458e-09
2.146580e-09
1.702369e-09
1.118233e-09
6.491666e-10
5.356620e-10
7.595959e-10
1.180103e-09
1.395667e-09
1.267130e-09
1.173388e-09
1.288474e-09
1.418268e-09
1.410830e-09
1.352196e-09
1.185012e-09
8.359747e-10
3.603310e-10
5.555539e-11
3.832706e-11
1.172971e-10
1.151055e-10
7.402136e-11
4.626035e-11
3.134960e-11
3.388771e-11
1.283198e-10
3.020708e-10
4.076338e-10
4.094604e-10
3.867223e-10
3.984995e-10
4.103943e-10
3.768258e-10
3.149101e-10
2.448830e-10
1.912652e-10
1.377768e-10
9.150847e-11
6.449651e-11
6.561884e-11
8.181067e-11
9.101147e-11
9.253080e-11
1.022857e-10
1.277729e-10
1.565597e-10
1.649929e-10
1.496793e-10
1.328063e-10
1.347222e-10
1.347010e-10
1.381497e-10
1.483138e-10
1.485900e-10
1.416191e-10
1.303442e-10
1.161208e-10
8.916277e-11
6.284470e-11
4.155614e-11
2.687563e-11
1.723005e-11
1.840838e-11
2.007859e-11
1.311168e-11
7.145799e-12
6.885729e-12
1.057384e-11
1.276104e-11
1.179102e-11
1.423416e-11
1.326906e-11
7.332021e-12
4.210284e-12
4.036979e-12
5.831623e-12
9.956914e-12
1.427385e-11
1.823612e-11
1.743202e-11
1.016255e-11
2.620589e-12
3.928534e-13
2.136143e-12
4.689364e-12
4.351165e-12
3.990059e-12
5.359347e-12
6.376026e-12
6.958379e-12
6.364202e-12
4.126207e-12
3.443365e-12
2.926824e-12
3.984857e-12
5.479698e-12
7.002652e-12
7.471488e-12
6.014052e-12
5.514864e-12
6.354374e-12
7.696030e-12
6.361842e-12
3.238140e-12
1.023493e-12
1.229531e-12
3.090736e-12
4.955795e-12
5.296420e-12
5.074607e-12
4.498190e-12
3.494906e-12
2.952042e-12
2.830846e-12
2.436715e-12
3.086633e-12
3.673011e-12
4.171186e-12
5.365733e-12
7.484236e-12
1.006676e-11
1.065077e-11
8.933161e-12
5.377761e-12
2.522678e-12
7.571551e-13
3.294961e-13
6.932144e-13
1.161743e-12
8.662400e-13
4.457291e-13
1.088707e-13
1.982710e-13
4.109348e-13
4.962547e-13
3.982409e-13
1.259835e-13
1.728018e-13
5.039574e-13
6.244123e-13
3.588814e-13
2.265885e-13
5.302226e-13
9.679382e-13
1.104451e-12
1.111510e-12
1.214835e-12
1.526138e-12
1.554758e-12
1.740798e-12
2.032108e-12
1.834536e-12
1.662169e-12
1.263928e-12
9.271920e-13
6.707767e-13
9.344929e-13
1.390425e-12
1.631711e-12
1.412070e-12
9.360843e-13
8.701669e-13
6.970810e-13
6.395936e-13
7.509920e-13
9.168853e-13
1.320457e-12
1.540475e-12
1.706597e-12
1.542618e-12
8.666139e-13
3.150535e-13
1.375009e-13
1.824652e-13
2.603833e-13
3.171572e-13
3.910181e-13
4.126812e-13
3.605125e-13
3.831824e-13
5.832283e-13
6.645960e-13
6.325478e-13
4.318656e-13
3.715336e-13
5.903190e-13
7.364809e-13
7.105021e-13
5.910085e-13
5.859303e-13
6.330160e-13
5.542377e-13
2.430632e-13
5.134738e-14
4.012391e-14
1.628615e-13
3.120798e-13
3.533367e-13
3.369484e-13
1.525466e-13
9.124129e-14
1.313905e-13
1.736094e-13
2.016155e-13
2.620128e-13
4.147196e-13
4.566436e-13
3.915638e-13
2.611644e-13
1.583415e-13
1.347393e-13
2.063416e-13
3.067221e-13
3.666599e-13
4.002955e-13
3.370299e-13
3.264629e-13
1.689045e-13
1.349727e-13
1.990062e-13
2.256859e-13
1.421986e-13
8.792385e-14
6.280702e-14
1.384986e-13
2.009443e-13
2.563107e-13
2.284943e-13
1.791174e-13
1.199751e-13
1.564189e-13
1.647180e-13
1.639188e-13
2.339673e-13
4.376141e-13
6.035954e-13
7.428019e-13
7.920669e-13
8.087982e-13
6.165983e-13
2.911386e-13
7.001988e-14
4.014860e-14
6.352015e-14
6.831417e-14
9.262986e-14
1.825692e-13
3.496063e-13
5.032891e-13
5.112613e-13
3.532275e-13
1.875969e-13
1.679644e-13
1.980349e-13
2.102164e-13
2.439446e-13
3.941732e-13
4.570497e-13
2.946935e-13
1.816920e-13
1.331092e-13
1.939165e-13
2.117578e-13
1.664595e-13
1.545746e-13
8.178365e-14
6.112159e-14
5.070506e-14
8.841919e-14
1.314840e-13
1.887699e-13
2.461444e-13
2.734145e-13
2.616615e-13
1.751789e-13
1.605390e-13
1.294967e-13
1.865318e-13
2.425975e-13
2.196367e-13
1.429213e-13
5.862954e-14
4.075630e-14
9.641329e-14
1.416842e-13
1.158249e-13
8.604741e-14
9.013902e-14
1.488905e-13
1.648136e-13
1.612983e-13
8.382027e-14
4.220347e-14
1.066963e-13
1.934266e-13
2.735492e-13
1.857388e-13
1.244096e-13
8.952427e-14
9.117196e-14
6.213296e-14
6.827638e-14
7.450961e-14
1.000989e-13
8.003879e-14
1.390357e-13
1.423369e-13
1.779967e-13
1.271451e-13
1.118285e-13
9.826061e-14
1.290136e-13
9.919501e-14
8.523384e-14
6.648406e-14
4.018606e-14
2.725413e-14
3.842203e-14
3.319550e-14
3.930576e-14
6.277689e-14
8.582822e-14
8.818915e-14
8.915007e-14
1.259481e-13
1.649027e-13
1.404158e-13
3.960820e-14
1.963337e-14
5.575288e-14
1.193118e-13
1.850486e-13
2.205349e-13
1.954583e-13
1.664990e-13
9.053321e-14
4.992455e-14
2.751365e-14
6.747566e-14
1.143832e-13
1.774418e-13
1.266431e-13
8.727003e-14
3.869923e-14
3.261536e-14
3.197582e-14
8.244025e-14
1.042694e-13
9.045873e-14
3.416855e-14
2.117619e-14
4.582676e-14
1.002106e-13
1.708606e-13
2.076861e-13
2.016732e-13
1.268097e-13
6.960321e-14
5.096243e-14
6.715071e-14
1.259342e-13
9.491703e-14
1.014850e-13
7.032913e-14
8.773339e-14
8.585735e-14
1.067408e-13
1.358618e-13
2.037446e-13
2.069899e-13
