1.566713e-04
1.147085e-04
2.656385e-05
9.870832e-07
9.407791e-09
3.610565e-09
3.745099e-09
4.680637e-09
6.133369e-09
5.875985e-09
4.100748e-09
2.506738e-09
1.751846e-09
1.300343e-09
1.638493e-09
2.094420e-09
2.283629e-09
2.884504e-09
2.461654e-09
1.187962e-09
4.810923e-10
2.901540e-10
2.530109e-10
6.576357e-10
1.197454e-09
1.716621e-09
1.812566e-09
1.085874e-09
2.869451e-10
9.447932e-11
2.117341e-10
5.087943e-10
7.613054e-10
6.049461e-10
4.191099e-10
4.692514e-10
3.875908e-10
1.701984e-10
1.497702e-10
1.196080e-10
1.635091e-10
3.010691e-10
2.341121e-10
1.314268e-10
1.422098e-10
7.488415e-11
8.145255e-11
1.807764e-10
1.898172e-10
1.926198e-10
1.807492e-10
1.053407e-10
6.968433e-11
9.689444e-11
6.158160e-11
4.677560e-11
7.236632e-11
9.572088e-11
1.488036e-10
1.220552e-10
5.705671e-11
3.693653e-11
2.446418e-11
5.432801e-11
1.428102e-10
1.690747e-10
8.003244e-11
3.095567e-11
2.855260e-11
2.359143e-11
4.115262e-11
6.607748e-11
6.401823e-11
4.789714e-11
3.191120e-11
2.812730e-11
1.751452e-11
1.236269e-11
1.852898e-11
3.506774e-11
3.616409e-11
2.432051e-11
1.881091e-11
1.778447e-11
1.031914e-11
1.078862e-11
1.266864e-11
1.432155e-11
3.189689e-11
4.140317e-11
3.113360e-11
2.234715e-11
1.667142e-11
1.076141e-11
1.466531e-11
2.079296e-11
2.187085e-11
9.789594e-12
5.600445e-12
1.865697e-11
2.345565e-11
1.512655e-11
1.022104e-11
7.045968e-12
4.243263e-12
7.101186e-12
1.072189e-11
1.269337e-11
1.036694e-11
6.890313e-12
4.446126e-12
4.152940e-12
3.370307e-12
8.109967e-12
1.789845e-11
1.975842e-11
1.568977e-11
1.049880e-11
7.252922e-12
6.574021e-12
4.595413e-12
2.439382e-12
2.888819e-12
7.430313e-12
8.989279e-12
8.903181e-12
7.624687e-12
5.478742e-12
3.453246e-12
2.083103e-12
1.273173e-12
7.271354e-13
1.620537e-13
9.972679e-13
2.210052e-12
2.681513e-12
3.311299e-12
1.645060e-12
6.894564e-13
1.962220e-12
4.129176e-12
4.413363e-12
4.048583e-12
4.475885e-12
4.889233e-12
3.876160e-12
3.226621e-12
3.062732e-12
1.877344e-12
1.542949e-12
1.873974e-12
1.955229e-12
1.423421e-12
9.908305e-13
1.453769e-12
1.288682e-12
6.911098e-13
4.424536e-13
7.107309e-13
1.360041e-12
1.535035e-12
1.162936e-12
6.715359e-13
5.947100e-13
5.670129e-13
9.344267e-13
1.450233e-12
1.849246e-12
2.047282e-12
1.743186e-12
1.306517e-12
1.222315e-12
9.806831e-13
7.293713e-13
7.951019e-13
6.960514e-13
1.002867e-12
7.994471e-13
2.923794e-13
4.312479e-13
5.041718e-13
8.588271e-13
1.156232e-12
1.252420e-12
1.036366e-12
1.305123e-12
1.187635e-12
1.278012e-12
1.301964e-12
1.080612e-12
9.280246e-13
1.266125e-12
1.077819e-12
9.983296e-13
8.492342e-13
6.858454e-13
8.236411e-13
8.828797e-13
1.045440e-12
1.116631e-12
1.090347e-12
7.121124e-13
3.813252e-13
2.747984e-13
3.308986e-13
4.006107e-13
6.890014e-13
1.086465e-12
9.512054e-13
4.768001e-13
4.848488e-13
6.188670e-13
7.752456e-13
4.970936e-13
2.197245e-13
1.917175e-13
4.002684e-13
3.265439e-13
5.127218e-13
6.485348e-13
7.835536e-13
5.894525e-13
5.229094e-13
5.664425e-13
6.099164e-13
6.405925e-13
5.121131e-13
3.192507e-13
2.035380e-13
2.341630e-13
3.606405e-13
5.314100e-13
6.660511e-13
5.857961e-13
4.893224e-13
3.265252e-13
2.629391e-13
2.767782e-13
2.364904e-13
2.414707e-13
3.385156e-13
7.563868e-13
1.041435e-12
1.066904e-12
8.027878e-13
4.128313e-13
2.049045e-13
1.960597e-13
3.542341e-13
2.651845e-13
8.274693e-14
6.493211e-14
1.469720e-13
2.185345e-13
2.909648e-13
3.081738e-13
3.115767e-13
1.326731e-13
5.049530e-14
5.540127e-14
8.723037e-14
1.247796e-13
7.914471e-14
1.518518e-13
2.997649e-13
4.217193e-13
4.791309e-13
3.836905e-13
3.642117e-13
2.751325e-13
1.745083e-13
1.713375e-13
2.157254e-13
2.790253e-13
2.232899e-13
1.642805e-13
2.259852e-13
3.239509e-13
5.025821e-13
4.666430e-13
5.121568e-13
4.894058e-13
4.334778e-13
3.776962e-13
2.995050e-13
1.857072e-13
2.188176e-13
3.023580e-13
2.289296e-13
1.579159e-13
4.714962e-14
5.461936e-14
6.540397e-14
8.778614e-14
1.358985e-13
1.632743e-13
2.072716e-13
1.609275e-13
1.593277e-13
8.548887e-14
9.299889e-14
9.303981e-14
1.312864e-13
3.532200e-13
4.040920e-13
4.448805e-13
2.603655e-13
1.289539e-13
7.406565e-14
1.231982e-13
2.081625e-13
1.715451e-13
1.407681e-13
2.199343e-13
1.758029e-13
2.099895e-13
1.666798e-13
2.842248e-13
2.826014e-13
3.242624e-13
2.526160e-13
2.259100e-13
2.184294e-13
3.810190e-13
4.609744e-13
4.326509e-13
2.250556e-13
1.958694e-13
1.250242e-13
9.166666e-14
3.582692e-14
4.748611e-14
8.995833e-14
2.073929e-13
2.514780e-13
3.038486e-13
3.462693e-13
2.746403e-13
2.620539e-13
2.112751e-13
1.530005e-13
1.263460e-13
9.307080e-14
1.985394e-13
2.026278e-13
2.125560e-13
6.473192e-14
7.799280e-14
1.252361e-13
1.268576e-13
1.027719e-13
2.236722e-14
1.904806e-14
5.049760e-14
7.530641e-14
1.182900e-13
1.356387e-13
1.926450e-13
7.603647e-14
5.948956e-14
6.938891e-14
1.032321e-13
1.444766e-13
8.419411e-14
5.777338e-14
5.528539e-14
2.392755e-14
3.878194e-14
6.105533e-14
1.080998e-13
4.457145e-14
4.705188e-14
1.899364e-14
5.865814e-14
7.190169e-14
1.108205e-13
5.379158e-14
3.229973e-14
1.525086e-13
1.501747e-13
1.420416e-13
3.410215e-14
3.498703e-14
2.252692e-14
3.260460e-14
3.099720e-14
5.876799e-14
7.070217e-14
9.874730e-14
1.108905e-13
6.793689e-14
7.158989e-14
8.642545e-14
8.592262e-14
1.061794e-13
7.893818e-14
9.419212e-14
3.420437e-14
7.677546e-14
3.198290e-14
7.247669e-14
