4.589896e-05
3.353356e-05
7.381218e-06
2.080763e-07
2.128327e-08
1.856854e-08
1.902979e-08
1.956091e-08
2.107935e-08
2.172843e-08
1.939119e-08
1.584731e-08
1.220417e-08
9.421494e-09
8.155085e-09
9.247813e-09
1.055383e-08
1.235302e-08
1.428136e-08
1.346274e-08
1.158644e-08
9.427047e-09
7.085132e-09
5.962344e-09
5.385888e-09
5.056089e-09
4.783333e-09
3.904820e-09
3.019563e-09
2.311582e-09
1.942432e-09
1.704843e-09
1.481848e-09
1.316924e-09
1.063330e-09
9.851301e-10
9.663741e-10
8.034652e-10
7.360797e-10
8.033579e-10
9.104256e-10
9.666210e-10
9.384816e-10
9.839840e-10
9.726453e-10
9.463226e-10
9.345416e-10
7.619534e-10
5.520537e-10
3.872780e-10
3.461616e-10
3.634474e-10
3.448435e-10
3.336533e-10
2.931602e-10
2.301603e-10
2.046789e-10
1.715533e-10
1.444127e-10
1.154645e-10
9.093890e-11
1.116273e-10
1.553242e-10
2.032570e-10
2.195209e-10
2.041147e-10
1.751747e-10
1.551038e-10
1.450803e-10
1.292257e-10
1.078104e-10
8.488193e-11
6.858279e-11
6.581571e-11
6.532200e-11
5.432500e-11
4.632827e-11
3.362857e-11
2.316325e-11
1.860861e-11
9.802672e-12
7.198886e-12
1.086100e-11
1.676823e-11
2.025224e-11
2.078606e-11
1.959645e-11
1.617569e-11
1.436516e-11
1.459585e-11
1.707357e-11
2.251614e-11
2.847274e-11
3.047827e-11
2.611756e-11
2.113522e-11
1.851643e-11
1.592460e-11
1.404212e-11
1.148988e-11
8.020667e-12
3.632233e-12
2.479419e-12
6.125497e-12
9.251758e-12
1.030136e-11
1.016720e-11
9.576463e-12
1.023690e-11
1.319027e-11
1.803676e-11
2.335870e-11
2.457263e-11
2.371821e-11
1.920518e-11
1.595761e-11
1.723651e-11
2.035324e-11
2.159416e-11
2.023231e-11
1.893090e-11
1.533935e-11
1.127601e-11
6.733398e-12
5.582751e-12
8.492712e-12
1.306392e-11
1.744051e-11
1.844364e-11
1.785476e-11
1.591369e-11
1.469396e-11
1.153335e-11
9.735946e-12
8.235089e-12
6.000626e-12
4.522018e-12
5.060076e-12
6.409529e-12
6.529190e-12
4.955025e-12
2.669440e-12
1.302431e-12
1.114797e-12
2.055966e-12
3.475893e-12
5.548935e-12
7.090213e-12
7.953743e-12
9.039785e-12
8.595120e-12
6.861190e-12
5.258160e-12
3.876105e-12
4.135924e-12
3.559580e-12
2.482978e-12
2.324040e-12
2.425488e-12
2.438862e-12
2.694776e-12
2.951638e-12
3.459877e-12
4.061182e-12
3.721216e-12
3.833973e-12
5.221511e-12
6.300258e-12
6.416498e-12
5.352910e-12
4.065598e-12
2.930480e-12
2.044576e-12
1.393455e-12
1.429514e-12
1.435031e-12
1.510828e-12
1.686389e-12
2.034164e-12
2.956499e-12
3.543389e-12
3.935846e-12
3.980775e-12
3.965492e-12
5.283317e-12
6.320978e-12
6.626812e-12
5.218659e-12
2.781118e-12
1.193315e-12
7.988793e-13
3.764568e-13
9.829401e-14
1.898402e-13
6.159325e-13
9.382384e-13
8.217138e-13
8.755597e-13
1.073383e-12
1.259714e-12
1.454424e-12
1.905201e-12
2.465781e-12
2.139484e-12
1.672775e-12
1.175337e-12
8.773220e-13
6.438895e-13
6.378314e-13
3.792561e-13
1.328533e-13
1.220917e-13
2.223582e-13
3.936181e-13
5.992215e-13
6.003699e-13
5.258981e-13
3.283090e-13
3.198458e-13
4.663063e-13
5.505420e-13
6.019277e-13
6.406969e-13
5.483369e-13
4.337275e-13
3.025846e-13
2.521067e-13
2.053022e-13
1.486220e-13
1.125162e-13
1.667921e-13
2.722582e-13
3.992527e-13
5.422716e-13
9.184850e-13
1.112043e-12
1.049463e-12
8.231573e-13
6.574172e-13
5.674368e-13
6.288619e-13
7.149069e-13
6.470444e-13
5.543692e-13
5.501935e-13
5.042872e-13
3.756257e-13
2.623043e-13
2.510396e-13
3.406678e-13
4.708180e-13
6.875043e-13
8.532864e-13
7.281889e-13
5.561347e-13
3.287535e-13
3.653679e-13
4.382665e-13
4.024425e-13
4.127471e-13
2.842880e-13
2.797584e-13
2.282574e-13
1.963702e-13
3.129569e-13
3.941417e-13
4.417193e-13
4.340551e-13
5.486005e-13
5.549934e-13
4.135870e-13
2.754051e-13
1.895170e-13
1.100818e-13
1.169984e-13
9.476886e-14
9.489259e-14
8.181440e-14
1.136197e-13
1.255095e-13
1.002592e-13
8.223076e-14
1.484602e-13
1.464215e-13
1.250031e-13
1.498410e-13
1.736411e-13
1.476684e-13
5.831675e-14
3.160407e-14
5.069013e-14
1.114208e-13
8.485923e-14
6.091710e-14
1.122282e-13
2.526226e-13
4.245741e-13
3.863001e-13
3.838765e-13
3.121296e-13
2.222646e-13
1.883696e-13
1.585632e-13
1.391874e-13
1.324428e-13
1.410880e-13
1.078450e-13
8.120697e-14
4.584770e-14
4.095823e-14
4.911357e-14
2.152597e-14
1.338429e-14
3.134599e-14
2.960366e-14
2.877563e-14
3.210642e-14
1.244488e-13
2.387856e-13
2.867741e-13
2.116002e-13
1.276272e-13
5.358551e-14
5.283915e-14
8.086668e-14
7.928934e-14
8.443912e-14
9.499846e-14
1.288564e-13
1.812290e-13
1.771219e-13
1.732771e-13
2.120703e-13
1.616004e-13
9.765232e-14
1.015284e-13
1.406466e-13
1.471027e-13
7.696822e-14
4.117636e-14
9.469180e-14
1.864945e-13
2.656465e-13
2.252632e-13
1.872307e-13
7.010603e-14
6.145815e-14
7.485948e-14
9.237797e-14
9.144060e-14
4.359283e-14
3.241051e-14
4.050147e-14
1.017070e-13
1.408207e-13
1.491013e-13
1.316595e-13
1.274092e-13
1.277724e-13
8.320531e-14
6.925351e-14
2.027644e-14
2.513107e-14
5.091218e-14
6.754530e-14
7.864852e-14
9.041786e-14
7.774194e-14
5.426615e-14
1.006414e-13
1.573432e-13
2.118969e-13
1.954175e-13
2.016870e-13
1.248813e-13
1.134932e-13
7.441790e-14
7.761606e-14
8.644595e-14
7.345027e-14
7.162835e-14
8.151942e-14
1.159801e-13
9.601059e-14
7.042201e-14
4.063579e-14
6.292661e-14
4.544671e-14
3.967454e-14
4.460758e-14
6.229521e-14
1.144904e-13
1.018855e-13
1.023914e-13
3.377326e-14
3.229284e-14
3.185837e-14
2.153296e-14
1.682241e-14
1.729026e-14
2.607641e-14
