4.009202e-02
2.936666e-02
6.649479e-03
2.134463e-04
1.674084e-07
1.556633e-09
2.189214e-09
1.722414e-09
6.307935e-10
8.401781e-10
3.079553e-09
3.266091e-09
1.764503e-09
8.348722e-10
3.693335e-10
1.562615e-10
1.138838e-10
1.321304e-10
7.721452e-10
7.497122e-10
9.966215e-10
8.249138e-10
8.382348e-10
7.099786e-10
1.493324e-10
1.128676e-10
1.949916e-10
2.741694e-10
2.157914e-10
3.769838e-10
2.518221e-10
2.038295e-10
5.095014e-11
1.728078e-10
1.976966e-10
4.565612e-10
4.924828e-10
4.312808e-10
2.575195e-10
9.651070e-11
1.818837e-10
1.189305e-10
1.549421e-10
4.472718e-11
7.190024e-11
1.252444e-10
1.003205e-10
1.103594e-10
9.479060e-11
1.236983e-10
6.130148e-11
7.344408e-11
4.565365e-11
6.189338e-11
1.648759e-10
1.166246e-10
1.368213e-10
5.765794e-11
5.788772e-11
3.586791e-11
4.408824e-11
4.862843e-11
5.000430e-11
2.090473e-11
4.281686e-11
2.085755e-11
5.995688e-11
3.325275e-11
5.386073e-11
2.155851e-11
3.431828e-11
4.175876e-11
4.472006e-11
1.866834e-11
2.858439e-11
1.550677e-11
2.062206e-11
9.917264e-12
6.118874e-12
1.017952e-11
1.898997e-11
1.824848e-11
2.932601e-11
2.083092e-11
1.877183e-11
1.776767e-11
1.924156e-11
1.149077e-11
2.824789e-11
8.324766e-12
1.085259e-11
4.845449e-12
1.790233e-12
2.474026e-12
5.421006e-12
8.155017e-12
1.430924e-11
1.693229e-11
1.556174e-11
8.672382e-12
7.775443e-12
7.089406e-12
3.990317e-12
8.187602e-12
1.264214e-11
1.688539e-11
1.074801e-11
7.755066e-12
4.190546e-12
3.665256e-12
1.004866e-11
5.963498e-12
6.640942e-12
1.421716e-11
8.986045e-12
9.765434e-12
1.827129e-12
2.661038e-12
6.100573e-12
1.334524e-11
1.562922e-11
2.410940e-11
9.940378e-12
1.388986e-11
7.539092e-12
9.458693e-12
4.882379e-12
3.842378e-12
4.099928e-12
2.437854e-12
6.997998e-12
3.471210e-12
6.524812e-12
4.296254e-12
1.189839e-11
4.705642e-12
6.925055e-12
4.235692e-12
3.613698e-12
1.068135e-11
5.519141e-12
1.067050e-11
8.811687e-12
1.102079e-11
6.331041e-12
7.151137e-12
4.422417e-12
7.504543e-12
3.955947e-12
5.597572e-12
4.054923e-12
7.491298e-12
3.897860e-12
5.843616e-12
4.868086e-12
5.121609e-12
5.581095e-12
3.275398e-12
1.841716e-12
2.505347e-12
8.178777e-13
2.759247e-12
2.042724e-12
4.033376e-12
6.685173e-12
3.774829e-12
4.284395e-12
1.172583e-12
2.038289e-12
1.528308e-12
6.621307e-13
1.883782e-12
2.545064e-13
1.780792e-12
6.612622e-13
2.186733e-12
3.864079e-12
5.134426e-12
4.014914e-12
4.776220e-12
3.504869e-12
4.976819e-12
5.076738e-12
4.264129e-12
7.206804e-12
3.045222e-12
5.581158e-12
5.478656e-12
6.391271e-12
6.492229e-12
4.715607e-12
3.853335e-12
2.332304e-12
1.520831e-12
5.069035e-13
3.092332e-12
1.013861e-12
3.041410e-12
1.774028e-12
3.142261e-12
1.875479e-12
2.280674e-12
4.561785e-12
2.382438e-12
4.460990e-12
2.534698e-12
2.382447e-12
3.193745e-12
9.633430e-13
2.484387e-12
2.129629e-12
2.333145e-12
3.043462e-12
2.079860e-12
2.536890e-12
3.857281e-12
4.110924e-12
1.522903e-12
3.655251e-12
1.472732e-12
4.571568e-12
3.760003e-12
5.793673e-12
3.812692e-12
2.948902e-12
2.542713e-12
1.169925e-12
3.663344e-12
1.476137e-12
4.887651e-12
3.361586e-12
3.973600e-12
2.853605e-12
3.568732e-12
3.468320e-12
5.560221e-12
3.674294e-12
2.042216e-12
1.889520e-12
4.087774e-13
2.453634e-12
1.380497e-12
1.381286e-12
1.432987e-12
6.144325e-13
1.280402e-12
1.281076e-12
9.739357e-13
1.333478e-12
1.487998e-12
1.899141e-12
4.981327e-12
2.260542e-12
2.929856e-12
2.622596e-12
8.745996e-13
4.478053e-12
1.596469e-12
4.483141e-12
1.134063e-12
2.424296e-12
1.651223e-12
1.651977e-12
2.014537e-12
1.447027e-12
4.809063e-12
1.655428e-12
6.470264e-12
2.071370e-12
4.921865e-12
2.436341e-12
3.942062e-12
2.958177e-12
1.401949e-12
4.311038e-12
2.234746e-12
5.095387e-12
4.265801e-12
4.475773e-12
4.113700e-12
4.949256e-12
4.587427e-12
2.711367e-12
1.408785e-12
1.044074e-12
3.551067e-12
3.134667e-12
5.070091e-12
2.143927e-12
2.197079e-12
2.250482e-12
1.204299e-12
2.461947e-12
1.309978e-12
2.883614e-12
1.625612e-12
2.360566e-12
6.823004e-13
5.407931e-12
1.837994e-12
4.675775e-12
2.049836e-12
3.732715e-12
1.314620e-12
2.840805e-12
1.894069e-12
2.631557e-12
8.422222e-13
1.526963e-12
4.213435e-13
2.950218e-12
1.686029e-12
3.162079e-12
1.897559e-12
2.266814e-12
1.634415e-12
2.372844e-12
1.529359e-12
1.687829e-12
1.318532e-12
1.160498e-12
1.740540e-12
1.318723e-12
1.371537e-12
2.109674e-12
9.493940e-13
3.058847e-12
3.691481e-12
4.166140e-12
4.534412e-12
2.741246e-12
3.742431e-12
8.959222e-13
1.897146e-12
1.159096e-12
1.632788e-12
1.843285e-12
1.316419e-12
1.157994e-12
2.894550e-12
1.367893e-12
2.524428e-12
1.892787e-12
2.207506e-12
2.732224e-12
2.101344e-12
5.670892e-12
3.517266e-12
4.355464e-12
5.718148e-12
4.247580e-12
4.507652e-12
1.991179e-12
3.771180e-12
1.151906e-12
1.413121e-12
1.674533e-12
1.307813e-12
2.091693e-12
5.227715e-13
3.763112e-12
2.560382e-12
4.962346e-12
3.290227e-12
2.402101e-12
2.714830e-12
1.252897e-12
1.827273e-12
2.401339e-12
2.506101e-12
3.185639e-12
1.775762e-12
2.507987e-12
2.143174e-12
1.464137e-12
6.802406e-13
1.989703e-12
2.096033e-12
3.566065e-12
3.044738e-12
2.259913e-12
3.104944e-12
3.584020e-12
1.900397e-12
7.722732e-12
1.802202e-12
6.374230e-12
2.289948e-12
2.883613e-12
4.338223e-12
2.364134e-12
4.799170e-12
2.057348e-12
3.207475e-12
2.348592e-12
1.536765e-12
4.248987e-12
2.497084e-12
3.964289e-12
2.866746e-12
1.415328e-12
