7.762525e-06
5.703695e-06
1.341629e-06
5.552523e-08
1.372275e-09
8.333139e-10
7.542455e-10
7.387533e-10
5.814768e-10
4.081080e-10
3.043147e-10
2.697090e-10
2.671565e-10
2.237806e-10
1.627900e-10
1.322477e-10
1.036463e-10
1.111617e-10
8.663266e-11
3.270334e-11
1.235313e-11
5.168424e-11
1.007269e-10
1.059251e-10
7.554297e-11
6.754281e-11
6.815249e-11
5.514593e-11
4.329304e-11
4.687628e-11
6.363737e-11
6.623067e-11
4.695834e-11
2.863531e-11
2.021083e-11
1.802540e-11
1.424350e-11
1.337879e-11
1.415251e-11
2.025128e-11
3.148377e-11
3.835851e-11
3.432087e-11
2.735481e-11
2.272795e-11
2.302443e-11
2.263378e-11
1.471681e-11
7.547337e-12
4.153736e-12
3.770076e-12
6.725107e-12
9.572766e-12
8.706696e-12
7.509029e-12
6.136379e-12
8.624448e-12
1.251551e-11
1.006912e-11
7.854078e-12
5.409846e-12
7.275618e-12
9.560993e-12
6.856310e-12
6.493282e-12
4.885468e-12
2.206163e-12
1.667595e-12
1.809110e-12
2.642825e-12
4.286099e-12
4.993205e-12
4.873182e-12
2.657804e-12
1.297909e-12
8.124828e-13
7.021886e-13
8.089908e-13
1.358273e-12
2.293670e-12
2.544587e-12
2.680547e-12
2.188078e-12
1.203209e-12
8.242286e-13
9.221474e-13
1.291581e-12
2.045917e-12
3.430279e-12
4.445440e-12
5.329123e-12
5.853022e-12
4.526695e-12
2.662539e-12
1.746854e-12
2.578746e-12
3.036594e-12
3.765013e-12
3.532259e-12
2.548797e-12
1.365622e-12
5.398639e-13
9.054501e-13
2.215818e-12
3.283768e-12
3.272161e-12
2.669425e-12
1.441268e-12
5.017938e-13
6.988879e-13
1.396413e-12
2.514415e-12
2.461214e-12
1.808227e-12
1.697733e-12
1.648083e-12
2.093285e-12
2.053956e-12
1.454092e-12
1.224856e-12
1.140851e-12
1.030883e-12
1.102878e-12
1.303520e-12
1.303563e-12
7.648006e-13
5.210056e-13
4.733872e-13
2.640314e-13
2.685679e-13
3.626991e-13
4.665911e-13
8.487901e-13
1.507299e-12
2.129050e-12
2.324425e-12
1.959109e-12
1.031849e-12
4.297181e-13
3.151791e-13
5.520614e-13
8.540681e-13
1.016765e-12
9.792810e-13
8.799364e-13
8.674504e-13
7.212548e-13
6.039781e-13
7.543070e-13
8.067445e-13
8.563079e-13
6.463334e-13
4.062759e-13
5.472442e-13
5.925176e-13
4.352133e-13
2.924631e-13
2.450350e-13
2.587001e-13
2.299951e-13
1.222439e-13
7.376584e-14
1.034631e-13
1.761507e-13
3.101690e-13
3.878420e-13
4.838375e-13
6.266973e-13
6.536732e-13
5.163097e-13
3.630154e-13
2.202128e-13
1.896902e-13
3.250641e-13
5.289503e-13
5.834956e-13
6.052635e-13
5.049890e-13
1.972306e-13
1.630763e-13
3.349357e-13
5.645108e-13
6.458597e-13
4.242072e-13
2.704511e-13
2.292908e-13
1.900351e-13
2.196681e-13
2.891585e-13
2.544174e-13
1.498334e-13
1.463900e-13
2.221933e-13
2.874303e-13
2.758096e-13
2.012155e-13
1.320334e-13
1.120075e-13
1.678562e-13
2.758893e-13
3.147871e-13
2.925049e-13
2.901183e-13
2.827038e-13
2.051524e-13
1.300338e-13
7.969246e-14
1.511988e-13
2.509567e-13
2.267678e-13
2.016108e-13
1.152223e-13
6.836275e-14
4.951118e-14
4.745313e-14
5.675798e-14
4.119917e-14
2.307031e-14
7.526278e-14
1.491738e-13
1.294656e-13
1.503678e-13
1.570900e-13
9.630066e-14
2.148110e-14
3.028413e-14
1.313368e-13
2.252676e-13
3.142892e-13
3.414893e-13
3.546824e-13
2.850753e-13
1.828075e-13
1.318908e-13
9.559731e-14
8.911828e-14
5.937227e-14
7.028106e-14
9.610030e-14
9.618706e-14
1.025055e-13
1.080105e-13
8.616922e-14
4.956522e-14
4.525603e-14
3.878266e-14
3.523755e-14
3.736980e-14
4.076583e-14
4.017270e-14
5.276716e-14
3.528159e-14
5.635886e-15
3.454066e-14
9.502833e-14
1.388024e-13
1.256730e-13
1.186371e-13
1.155437e-13
1.461523e-13
1.828134e-13
2.204054e-13
2.360068e-13
1.456770e-13
7.058950e-14
5.128005e-14
8.651883e-14
8.864558e-14
7.427079e-14
5.508031e-14
5.429764e-14
6.421571e-14
8.819483e-14
5.549542e-14
2.575399e-14
1.801562e-14
2.581313e-14
3.711020e-14
2.189054e-14
1.697357e-14
3.033866e-14
5.744731e-14
6.461835e-14
5.380358e-14
3.498189e-14
5.947977e-14
1.062066e-13
1.095985e-13
1.344251e-13
1.365108e-13
1.050492e-13
9.662925e-14
1.506169e-13
1.802284e-13
1.795437e-13
1.286920e-13
1.430399e-13
1.313699e-13
1.080511e-13
9.734009e-14
8.572394e-14
7.399949e-14
5.968282e-14
6.704638e-14
6.516269e-14
6.817075e-14
7.129547e-14
8.532954e-14
1.084913e-13
9.656873e-14
5.729674e-14
3.623148e-14
6.012529e-14
1.113822e-13
1.410380e-13
9.333184e-14
4.862209e-14
6.684314e-14
9.082416e-14
8.691719e-14
7.754058e-14
7.809339e-14
3.964579e-14
3.458838e-14
3.732620e-14
7.710222e-14
1.130299e-13
1.195020e-13
1.159329e-13
6.656506e-14
3.975344e-14
3.446229e-14
1.836795e-14
7.531776e-15
1.572056e-14
3.519572e-14
4.341247e-14
1.841843e-14
1.775131e-14
2.338993e-14
4.472011e-14
9.577061e-14
1.158151e-13
8.803461e-14
4.808726e-14
2.924250e-14
4.420465e-14
5.153313e-14
5.723610e-14
4.807735e-14
5.279180e-14
4.921848e-14
4.848166e-14
2.334419e-14
1.509790e-14
2.234226e-14
3.890386e-14
3.456293e-14
3.314007e-14
1.825288e-14
2.057494e-14
1.988208e-14
1.309748e-14
1.525582e-14
2.621985e-14
5.674828e-14
6.276492e-14
7.222743e-14
6.822854e-14
5.812522e-14
3.519165e-14
4.390350e-14
4.644348e-14
5.183753e-14
3.117227e-14
2.699500e-14
2.839129e-14
4.687340e-14
7.061207e-14
8.447185e-14
8.061608e-14
5.519020e-14
3.829212e-14
3.825288e-14
4.499480e-14
6.389519e-14
8.477529e-14
9.831207e-14
6.838737e-14
5.331405e-14
6.355588e-14
7.189654e-14
8.467573e-14
8.069698e-14
4.851469e-14
4.933589e-14
9.277218e-14
1.385812e-13
1.832614e-13
1.241003e-13
4.876051e-14
