7.492555e-05
5.479886e-05
1.239536e-05
3.932024e-07
1.795308e-10
7.782729e-11
1.588916e-10
1.373922e-10
5.412534e-11
2.575032e-11
2.425734e-11
2.452813e-11
4.650217e-11
6.902581e-11
6.125029e-11
3.033696e-11
1.696920e-11
4.433613e-11
5.720276e-11
5.090423e-11
4.454034e-11
4.268533e-11
2.473295e-11
1.152402e-11
1.357113e-11
3.090037e-11
3.432959e-11
3.954826e-11
3.746942e-11
4.058208e-11
4.309229e-11
4.782211e-11
5.131797e-11
5.959786e-11
6.327066e-11
5.972130e-11
3.938830e-11
2.413291e-11
1.721611e-11
1.870951e-11
1.814467e-11
1.274701e-11
1.133661e-11
1.385122e-11
1.407668e-11
1.352162e-11
1.345827e-11
1.459377e-11
1.048948e-11
4.563109e-12
2.969198e-12
2.864995e-12
2.252077e-12
3.970901e-12
9.248343e-12
1.208866e-11
1.015717e-11
5.262227e-12
3.929979e-12
1.805123e-12
1.378720e-12
1.795228e-12
2.668123e-12
3.156921e-12
2.933379e-12
3.006648e-12
4.200744e-12
5.872620e-12
5.909857e-12
4.377587e-12
5.112283e-12
4.672067e-12
4.341519e-12
3.741488e-12
4.063374e-12
6.548203e-12
1.079347e-11
1.481516e-11
1.454993e-11
1.027340e-11
5.896914e-12
4.917964e-12
4.374447e-12
2.733212e-12
1.387818e-12
9.239838e-13
1.310521e-12
1.598312e-12
1.963964e-12
3.389371e-12
3.541454e-12
3.905745e-12
3.611405e-12
3.859732e-12
3.557189e-12
2.245444e-12
1.232515e-12
6.547840e-13
5.029078e-13
3.849214e-13
3.937886e-13
8.569285e-13
1.200434e-12
1.085612e-12
1.032974e-12
1.624026e-12
1.904190e-12
1.569372e-12
1.491900e-12
1.552857e-12
1.068184e-12
5.655308e-13
3.444169e-13
1.731260e-13
3.139374e-13
4.201853e-13
9.235310e-13
1.386282e-12
1.781101e-12
1.466050e-12
1.864923e-12
2.950794e-12
3.280073e-12
2.411817e-12
1.539674e-12
8.061564e-13
8.287124e-13
8.410721e-13
7.914292e-13
6.128068e-13
4.497289e-13
5.149721e-13
5.966035e-13
6.046801e-13
7.009834e-13
7.829397e-13
6.189653e-13
6.048120e-13
7.814736e-13
1.032560e-12
1.170612e-12
8.824909e-13
7.670415e-13
4.684942e-13
2.733947e-13
4.490244e-13
4.389189e-13
3.485321e-13
2.527795e-13
2.976461e-13
2.045949e-13
2.542377e-13
4.955448e-13
5.845756e-13
3.589433e-13
2.398702e-13
2.534623e-13
3.651108e-13
2.808540e-13
2.989276e-13
4.255780e-13
8.055053e-13
1.023272e-12
9.193295e-13
6.554180e-13
4.263846e-13
2.358217e-13
1.056298e-13
1.978094e-13
3.144810e-13
3.341879e-13
1.573069e-13
1.635357e-13
3.225172e-13
3.409737e-13
2.390583e-13
1.849308e-13
3.037888e-13
4.774896e-13
4.577439e-13
4.692253e-13
4.332193e-13
4.932418e-13
4.310425e-13
4.285440e-13
2.270527e-13
1.634108e-13
8.685324e-14
1.622470e-13
1.895272e-13
2.258768e-13
2.575432e-13
3.484348e-13
3.686993e-13
4.482595e-13
4.129336e-13
4.228455e-13
2.925994e-13
1.562870e-13
1.421164e-13
3.494607e-13
4.391452e-13
4.549440e-13
2.669230e-13
2.097429e-13
2.187860e-13
2.765227e-13
2.315070e-13
2.443444e-13
2.114591e-13
2.072337e-13
1.218161e-13
1.144613e-13
1.219948e-13
1.980785e-13
2.014242e-13
1.919678e-13
2.009822e-13
2.556334e-13
2.523506e-13
3.455466e-13
2.453488e-13
1.664076e-13
1.392599e-13
9.523336e-14
5.384628e-14
6.397269e-14
8.422221e-14
1.477123e-13
2.702657e-13
3.469671e-13
3.236453e-13
3.124745e-13
3.385303e-13
3.959069e-13
3.701182e-13
2.592199e-13
2.267911e-13
7.768420e-14
3.958991e-14
7.848511e-14
8.923453e-14
5.344216e-14
7.316753e-14
4.104523e-14
7.354510e-14
3.962204e-14
5.783474e-14
8.603041e-14
8.833545e-14
9.257798e-14
1.105334e-13
1.304433e-13
1.264514e-13
9.980961e-14
7.655579e-14
3.979900e-14
5.696695e-14
5.456217e-14
7.800801e-14
9.384759e-14
1.049578e-13
8.985360e-14
9.039578e-14
7.730950e-14
6.258624e-14
1.027761e-13
1.493118e-13
1.750343e-13
1.365302e-13
1.042115e-13
1.276852e-13
1.066268e-13
7.193974e-14
7.786342e-14
8.356799e-14
1.282378e-13
1.332328e-13
8.861291e-14
5.603970e-14
5.187424e-14
1.189490e-13
1.800272e-13
1.573431e-13
1.576700e-13
9.946341e-14
8.054541e-14
6.326236e-14
9.959541e-14
1.048349e-13
1.114928e-13
1.003070e-13
1.070426e-13
1.318835e-13
1.035821e-13
8.556219e-14
1.011535e-13
8.464264e-14
6.603257e-14
4.433389e-14
3.614565e-14
5.930162e-14
7.715347e-14
1.605636e-13
1.493430e-13
1.115001e-13
5.315312e-14
1.868939e-14
1.179845e-14
4.371575e-14
6.949897e-14
9.162261e-14
1.279039e-13
1.025562e-13
8.368574e-14
3.178119e-14
2.088509e-14
1.289879e-14
2.721649e-14
2.621605e-14
6.093109e-14
8.064915e-14
8.373703e-14
6.800835e-14
3.512157e-14
6.933061e-14
8.979603e-14
1.776669e-13
1.923148e-13
2.616671e-13
1.926590e-13
1.430639e-13
8.291299e-14
8.673384e-14
5.927784e-14
3.075218e-14
2.410063e-14
5.675196e-14
6.187940e-14
4.044393e-14
1.901167e-14
1.178464e-14
3.492909e-14
1.750012e-14
1.716284e-14
2.967743e-14
6.355196e-14
1.374304e-13
1.050809e-13
7.077843e-14
2.714166e-14
2.208357e-14
1.819095e-14
3.719318e-14
6.973370e-14
1.029884e-13
1.436809e-13
1.063231e-13
1.148638e-13
6.739692e-14
6.309313e-14
2.737492e-14
7.739893e-14
8.504933e-14
1.320909e-13
9.095243e-14
1.077502e-13
7.875886e-14
8.822490e-14
6.541597e-14
8.133733e-14
5.587810e-14
6.942282e-14
5.237853e-14
5.660484e-14
5.796452e-14
8.477309e-14
1.123734e-13
7.158177e-14
6.751270e-14
3.906162e-14
5.970856e-14
8.691282e-14
9.313003e-14
5.667532e-14
2.969333e-14
2.103905e-14
1.781554e-14
1.112303e-14
7.099244e-14
6.782900e-14
9.862013e-14
3.724917e-14
5.404528e-14
3.051043e-14
5.170467e-14
6.957407e-14
9.395641e-14
1.011474e-13
9.526412e-14
4.984911e-14
