3.775517e-02
2.764072e-02
6.249556e-03
1.994327e-04
1.802381e-07
2.138214e-08
2.437757e-08
1.972440e-08
1.499545e-08
1.210162e-08
1.371346e-08
1.074481e-08
5.672903e-09
3.204222e-09
2.217910e-09
2.499203e-09
2.836484e-09
3.499927e-09
3.723632e-09
2.293270e-09
1.529043e-09
1.554418e-09
2.224746e-09
2.636187e-09
2.722635e-09
3.376586e-09
2.874600e-09
2.058472e-09
1.183761e-09
6.155932e-10
7.766079e-10
8.787511e-10
9.311214e-10
7.670911e-10
4.974788e-10
3.767848e-10
3.790393e-10
4.006186e-10
2.661282e-10
1.381655e-10
6.942910e-11
1.266286e-10
2.003830e-10
1.044518e-10
5.872541e-11
6.949226e-11
3.145934e-11
3.153628e-11
9.207169e-11
1.112647e-10
1.295008e-10
1.354064e-10
1.675377e-10
2.260547e-10
1.147079e-10
8.313297e-11
3.826108e-11
6.594290e-11
7.710301e-11
7.991002e-11
7.413423e-11
8.689929e-11
1.226198e-10
1.224023e-10
6.707153e-11
4.526124e-11
2.384974e-11
6.282785e-11
5.362748e-11
6.207758e-11
5.327710e-11
6.502102e-11
3.663960e-11
3.341420e-11
4.189504e-11
2.620370e-11
4.967850e-11
1.230547e-11
2.274742e-11
2.620346e-11
3.036372e-11
3.464822e-11
4.140093e-11
4.840999e-11
5.804479e-11
5.105689e-11
3.798883e-11
2.552210e-11
2.232816e-11
2.082788e-11
2.275197e-11
2.397430e-11
3.259902e-11
2.598548e-11
2.767396e-11
2.103027e-11
3.422865e-11
2.333969e-11
4.434912e-11
2.488610e-11
1.626325e-11
1.681908e-11
4.270178e-12
1.187925e-11
6.945207e-12
1.157139e-11
2.343598e-11
1.476705e-11
1.796561e-11
7.790778e-12
1.141683e-11
6.101414e-12
6.296829e-12
1.183044e-11
2.635072e-12
1.070029e-11
1.142071e-11
2.072449e-11
1.058530e-11
1.262060e-11
7.817280e-12
6.730103e-12
1.952311e-11
1.226650e-11
5.638219e-12
7.831053e-12
8.121157e-12
9.395341e-12
8.899805e-12
1.994813e-12
1.960892e-12
1.143238e-11
1.175337e-11
2.424729e-11
1.402463e-11
1.939799e-11
7.265840e-12
9.542026e-12
1.220527e-11
8.035543e-12
8.682836e-12
1.689975e-12
2.826473e-12
7.045652e-12
7.528709e-12
1.618540e-11
8.202463e-12
1.649498e-11
7.449895e-12
9.162674e-12
1.974003e-12
3.655487e-12
3.039506e-12
4.653735e-12
5.556812e-12
6.684042e-12
8.231815e-12
8.485988e-12
7.482910e-12
6.704982e-12
3.351692e-12
3.511446e-12
3.734824e-12
1.931324e-12
4.761739e-12
8.683439e-12
1.257331e-11
1.806403e-11
1.365392e-11
1.114504e-11
4.463521e-12
4.975345e-12
4.107724e-12
4.523002e-12
6.894952e-12
8.047544e-12
6.539205e-12
3.012734e-12
3.812928e-12
3.651942e-12
7.653905e-12
5.218862e-12
1.197068e-11
7.649119e-12
8.863324e-12
9.663560e-12
7.485314e-12
9.978549e-12
4.093447e-12
3.613473e-12
3.964048e-12
3.963759e-12
3.452340e-12
3.931219e-12
1.502055e-12
1.406279e-12
1.725857e-12
9.587543e-13
2.812144e-12
3.834373e-12
3.643155e-12
5.591795e-12
6.007761e-12
6.072113e-12
3.867198e-12
5.273544e-12
5.880384e-12
4.122986e-12
5.594069e-12
3.452306e-12
5.082932e-12
2.302390e-12
5.020870e-12
2.590585e-12
3.902600e-12
3.583836e-12
2.911778e-12
3.296482e-12
5.697276e-12
6.371494e-12
7.653904e-12
8.264920e-12
5.767455e-12
4.839605e-12
3.814537e-12
3.879494e-12
4.361458e-12
3.271959e-12
6.193677e-12
4.429661e-12
6.358110e-12
3.950547e-12
3.919477e-12
1.574978e-12
2.894111e-12
1.479401e-12
4.182609e-12
3.218875e-12
8.821913e-12
6.700740e-12
7.057893e-12
4.319556e-12
2.257775e-12
4.355925e-12
1.743208e-12
3.455036e-12
2.778405e-12
5.558628e-12
3.524534e-12
5.370006e-12
2.265249e-12
2.622532e-12
1.360416e-12
2.268464e-12
4.506491e-12
3.308438e-12
6.068399e-12
1.688359e-12
4.385906e-12
1.949972e-12
4.032478e-12
6.669176e-12
6.704766e-12
7.946264e-12
1.081731e-11
9.747903e-12
1.278524e-11
1.145464e-11
1.348374e-11
1.071378e-11
8.268434e-12
6.605775e-12
5.431501e-12
6.023498e-12
5.337697e-12
1.264764e-11
9.604642e-12
1.633347e-11
1.410914e-11
1.661187e-11
8.342814e-12
4.601262e-12
1.446439e-12
2.829059e-12
3.686225e-12
6.650647e-12
8.695741e-12
1.219294e-11
1.305521e-11
1.075168e-11
7.325252e-12
3.829366e-12
3.566704e-12
2.841089e-12
9.057065e-12
1.269548e-11
1.260060e-11
1.174689e-11
6.223206e-12
3.807470e-12
1.424277e-12
2.783533e-12
1.922459e-12
1.989179e-12
5.970115e-13
1.957076e-12
3.351403e-12
3.816515e-12
3.817606e-12
3.386951e-12
4.185036e-12
1.660916e-12
2.757795e-12
2.990871e-13
1.861221e-12
1.628768e-12
2.327111e-12
5.386278e-12
5.054572e-12
7.282112e-12
2.926625e-12
4.888210e-12
8.314117e-13
3.192771e-12
2.394145e-12
1.995206e-12
2.427253e-12
2.194366e-12
1.928400e-12
1.961268e-12
3.190645e-12
2.359480e-12
2.259398e-12
3.156344e-12
3.222041e-12
3.818814e-12
3.386781e-12
1.361133e-12
2.455715e-12
1.824918e-12
6.401749e-12
4.244184e-12
6.596518e-12
2.551560e-12
1.821957e-12
3.742641e-12
2.615274e-12
7.877163e-12
2.183548e-12
5.887235e-12
9.918368e-13
2.676698e-12
6.309902e-12
6.439347e-12
1.138874e-11
5.510546e-12
7.951027e-12
4.815273e-12
8.769644e-12
4.350592e-12
6.689184e-12
2.964925e-12
2.469944e-12
5.070707e-12
5.103024e-12
6.879361e-12
4.706550e-12
7.866759e-12
4.344423e-12
4.542542e-12
3.259601e-12
1.778124e-12
1.976505e-12
1.944411e-12
3.560490e-12
6.565000e-12
3.037072e-12
5.252884e-12
2.215224e-12
6.089788e-12
2.286309e-12
3.815592e-12
1.894083e-12
4.326610e-12
5.035674e-12
3.542363e-12
4.052233e-12
4.431937e-12
4.040052e-12
5.639049e-12
2.676141e-12
2.957725e-12
2.867252e-12
1.850834e-12
1.205229e-12
2.041569e-12
1.669930e-12
2.309017e-12
2.076928e-12
4.040047e-12
2.676954e-12
