2.546352e-02
2.216221e-02
2.112048e-02
1.196238e-02
3.380441e-03
2.390261e-03
3.171106e-03
3.697511e-03
2.952937e-03
1.683122e-03
8.458648e-04
4.517142e-04
2.298753e-04
1.206971e-04
8.682762e-05
7.426332e-05
3.466120e-05
4.482819e-05
5.831285e-05
5.037116e-05
4.440604e-05
4.667760e-05
6.229435e-05
6.774961e-05
5.739171e-05
4.488094e-05
3.068375e-05
2.146301e-05
1.921202e-05
1.403984e-05
1.087968e-05
1.568610e-05
2.016451e-05
2.774236e-05
3.975329e-05
4.226601e-05
3.704846e-05
2.684544e-05
1.470986e-05
6.833808e-06
4.948165e-06
5.113227e-06
2.827908e-06
1.450068e-06
2.355695e-06
2.761370e-06
2.524972e-06
2.282820e-06
1.653453e-06
1.196468e-06
8.438075e-07
3.415167e-07
1.949103e-07
2.853951e-07
3.765452e-07
4.830597e-07
3.956086e-07
2.649493e-07
2.708389e-07
3.154433e-07
6.107154e-07
6.707602e-07
6.248064e-07
5.223081e-07
4.866386e-07
4.746459e-07
5.059173e-07
5.809537e-07
7.132157e-07
8.725498e-07
7.960476e-07
6.250824e-07
4.324969e-07
2.787024e-07
1.977510e-07
1.181118e-07
6.394839e-08
6.306188e-08
9.255691e-08
1.189996e-07
1.014957e-07
1.474471e-07
2.627285e-07
3.181441e-07
3.235820e-07
2.432667e-07
2.063737e-07
1.736293e-07
1.137577e-07
7.057304e-08
5.662415e-08
5.817797e-08
1.114791e-07
1.080786e-07
1.034315e-07
1.296926e-07
1.227519e-07
8.506658e-08
5.032514e-08
3.829342e-08
4.572502e-08
3.650899e-08
3.175870e-08
2.791201e-08
2.718840e-08
3.716762e-08
5.649575e-08
5.358008e-08
4.234335e-08
4.193264e-08
4.853233e-08
5.150199e-08
4.026105e-08
2.700169e-08
1.055657e-08
8.875280e-09
9.200404e-09
9.870735e-09
6.318465e-09
9.820138e-09
1.580304e-08
2.670200e-08
3.770127e-08
3.570510e-08
2.288970e-08
1.052712e-08
6.007332e-09
4.226461e-09
3.699970e-09
3.579385e-09
5.328186e-09
5.382959e-09
7.191000e-09
6.254403e-09
4.102744e-09
3.472838e-09
1.622141e-09
6.073954e-10
2.064468e-09
3.086673e-09
3.108019e-09
3.130791e-09
2.808874e-09
3.170479e-09
4.107572e-09
3.313284e-09
3.235826e-09
2.339026e-09
1.252877e-09
1.313860e-09
1.794292e-09
1.315966e-09
1.253171e-09
2.372639e-09
3.541063e-09
2.815155e-09
2.751279e-09
1.553189e-09
1.331096e-09
2.109275e-09
2.304424e-09
1.875022e-09
1.245113e-09
4.877659e-10
8.744725e-10
1.188637e-09
1.111244e-09
3.691391e-10
2.729771e-10
2.791733e-10
4.116384e-10
8.207783e-10
1.252296e-09
1.531229e-09
1.213877e-09
1.417429e-09
1.294791e-09
9.377602e-10
9.677484e-10
8.796183e-10
4.013385e-10
2.702627e-10
1.783742e-10
6.897278e-11
1.236390e-10
1.623927e-10
3.723415e-10
4.837494e-10
7.703466e-10
4.711918e-10
3.434513e-10
4.585385e-10
6.955183e-10
8.215816e-10
7.779778e-10
6.465148e-10
5.516540e-10
5.506040e-10
2.996597e-10
2.713735e-10
2.599535e-10
4.048963e-10
8.974513e-10
8.777838e-10
8.428224e-10
5.614671e-10
4.744761e-10
7.799489e-10
6.580810e-10
7.037882e-10
5.719095e-10
5.989574e-10
5.941618e-10
5.549677e-10
3.026389e-10
9.419798e-11
5.493652e-11
3.254853e-10
4.009912e-10
4.390016e-10
4.789018e-10
5.681213e-10
4.423920e-10
2.982448e-10
1.453129e-10
2.665503e-10
3.252507e-10
3.516602e-10
4.786236e-10
3.181331e-10
2.393336e-10
2.107234e-10
2.041249e-10
3.955153e-10
2.976979e-10
2.417502e-10
1.326512e-10
2.088777e-10
2.861401e-10
4.146326e-10
4.178774e-10
2.446225e-10
2.645489e-10
4.899667e-10
4.891735e-10
6.790278e-10
4.362786e-10
1.600211e-10
8.861977e-11
5.708703e-11
1.348394e-10
1.721805e-10
9.832055e-11
1.236706e-10
9.957381e-11
4.638571e-11
3.774699e-11
4.707928e-11
1.391237e-10
2.591840e-10
3.010602e-10
3.412214e-10
3.334681e-10
2.416868e-10
2.040331e-10
2.470117e-10
1.491529e-10
1.849892e-10
1.535950e-10
2.240623e-10
2.137680e-10
2.352649e-10
2.356553e-10
2.732008e-10
1.691894e-10
1.316984e-10
8.879521e-11
5.317538e-11
9.097212e-11
9.625267e-11
8.844891e-11
7.933934e-11
7.398827e-11
1.854244e-10
2.438618e-10
2.684710e-10
2.071819e-10
1.815498e-10
2.189229e-10
2.699838e-10
2.559190e-10
1.766086e-10
1.197158e-10
7.093197e-11
9.138257e-11
1.075987e-10
8.695148e-11
5.536190e-11
3.678981e-11
1.081482e-10
1.410493e-10
1.620998e-10
1.572562e-10
2.123615e-10
1.804795e-10
1.827447e-10
1.331072e-10
1.881227e-10
7.616974e-11
7.394139e-11
1.823244e-10
2.925723e-10
3.719266e-10
3.079158e-10
3.084841e-10
3.119648e-10
3.670957e-10
2.843629e-10
1.997603e-10
1.054371e-10
9.737305e-11
7.497491e-11
1.123412e-10
1.302318e-10
2.351166e-10
2.462537e-10
2.784146e-10
1.470128e-10
1.911184e-10
2.470948e-10
2.150108e-10
1.000799e-10
1.330200e-10
1.490274e-10
1.622246e-10
1.267253e-10
1.231412e-10
6.347824e-11
1.143482e-10
1.387833e-10
1.457418e-10
9.562905e-11
9.071632e-11
1.222343e-10
7.165429e-11
1.168962e-10
1.031250e-10
9.914659e-11
5.232103e-11
4.716734e-11
4.135383e-11
6.239644e-11
1.004109e-10
1.005004e-10
1.479368e-10
1.913844e-10
2.087006e-10
1.693511e-10
1.464341e-10
1.865673e-10
1.987330e-10
1.036729e-10
3.319047e-11
4.459578e-11
7.016437e-11
1.140743e-10
8.207443e-11
6.595277e-11
3.710322e-11
3.409260e-11
2.347736e-11
2.505352e-11
1.005177e-10
8.388880e-11
7.919002e-11
1.866109e-11
2.222393e-11
3.855985e-11
4.240975e-11
6.842563e-11
4.989356e-11
5.511468e-11
4.394698e-11
4.733034e-11
2.670199e-11
5.737615e-11
8.671402e-11
5.082417e-11
4.372102e-11
4.949989e-11
4.642024e-11
5.525426e-11
5.425334e-11
5.229251e-11
7.873727e-11
9.014813e-11
1.029705e-10
1.148358e-10
1.086771e-10
1.072907e-10
6.753677e-11
