3.057515e-02
2.198629e-02
5.089961e-03
1.813215e-04
7.782900e-06
7.406715e-06
5.315371e-06
4.079833e-06
2.053094e-06
9.443215e-07
7.670666e-07
4.893097e-07
3.681522e-07
4.296451e-07
4.554266e-07
2.635151e-07
6.344264e-08
9.799081e-08
2.153844e-07
1.959013e-07
1.497213e-07
1.415862e-07
1.239309e-07
1.053613e-07
6.619986e-08
5.270421e-08
6.392608e-08
8.260386e-08
6.635440e-08
5.973913e-08
6.124296e-08
4.897884e-08
3.765588e-08
1.945850e-08
1.754611e-08
2.515626e-08
4.515095e-08
5.980720e-08
5.263824e-08
3.385233e-08
2.264006e-08
1.332114e-08
1.211269e-08
1.493964e-08
1.750455e-08
1.598933e-08
1.234154e-08
9.674626e-09
6.116281e-09
4.454796e-09
2.617811e-09
1.999016e-09
2.037007e-09
1.922288e-09
1.714216e-09
1.199520e-09
1.516879e-09
1.595744e-09
1.982394e-09
1.878586e-09
1.625287e-09
1.828612e-09
1.909770e-09
1.963032e-09
2.441230e-09
3.571728e-09
3.916892e-09
3.296054e-09
2.423886e-09
1.051439e-09
6.237592e-10
5.984944e-10
5.395312e-10
4.945849e-10
5.765528e-10
5.596104e-10
5.804129e-10
5.536318e-10
5.802245e-10
3.979120e-10
2.867237e-10
3.275641e-10
4.800320e-10
4.719076e-10
3.279588e-10
1.950539e-10
1.051798e-10
7.633970e-11
1.312122e-10
1.679052e-10
2.113532e-10
2.584709e-10
2.760717e-10
3.337349e-10
3.339514e-10
2.553472e-10
1.906110e-10
8.879616e-11
9.139688e-11
7.201122e-11
1.384579e-10
2.143217e-10
2.365703e-10
1.949663e-10
8.867967e-11
4.194308e-11
1.660213e-11
4.260519e-11
8.749524e-11
7.428166e-11
8.048714e-11
8.216397e-11
8.559516e-11
5.100587e-11
5.566159e-11
6.687008e-11
9.951336e-11
1.194411e-10
7.900301e-11
6.237916e-11
3.559020e-11
3.747804e-11
2.189683e-11
1.575120e-11
1.364364e-11
1.665365e-11
1.874069e-11
1.395288e-11
1.319289e-11
1.174600e-11
2.733582e-11
2.264775e-11
3.635621e-11
1.315839e-11
1.018124e-11
1.846204e-11
2.223251e-11
2.909697e-11
2.015721e-11
1.318246e-11
5.693922e-12
1.037268e-11
8.776323e-12
1.224690e-11
1.009755e-11
9.962871e-12
9.731244e-12
5.803772e-12
8.425954e-12
5.539305e-12
5.504150e-12
1.168415e-11
9.834949e-12
1.393605e-11
3.749545e-12
9.401241e-12
7.396296e-12
7.457306e-12
2.775265e-12
2.418905e-12
1.547731e-12
1.643815e-12
5.605117e-12
4.734179e-12
6.792186e-12
6.692905e-12
1.029547e-11
1.582220e-11
1.051089e-11
9.158414e-12
2.152588e-12
7.386567e-13
2.536540e-12
1.187498e-12
3.433206e-12
2.149255e-12
4.105142e-12
3.527354e-12
7.597722e-12
6.282006e-12
8.907447e-12
3.523743e-12
2.946174e-12
4.002643e-12
3.425500e-12
1.344630e-12
1.696263e-12
2.399923e-12
5.503399e-12
7.326646e-12
7.644313e-12
7.227988e-12
4.957296e-12
4.924546e-12
5.084031e-12
3.517506e-12
5.436048e-12
5.179939e-12
5.882960e-12
2.493625e-12
4.540299e-12
4.859370e-12
4.540110e-12
1.135110e-11
9.401166e-12
1.106415e-11
4.252681e-12
5.468164e-12
4.445575e-12
1.061810e-11
1.442504e-11
1.634898e-11
8.095117e-12
6.815782e-12
2.624408e-12
3.361576e-12
2.048898e-12
2.401586e-12
3.330457e-12
4.324593e-12
1.714203e-11
7.012770e-11
1.193195e-10
1.250287e-10
1.115123e-10
5.610517e-11
8.342371e-12
3.369926e-12
1.476973e-12
2.183854e-12
1.510024e-12
6.169880e-12
3.011836e-11
2.373330e-11
2.721864e-11
9.781937e-12
3.444380e-12
1.803497e-12
1.965013e-12
7.090967e-13
1.096310e-12
3.547728e-13
2.033043e-12
1.614135e-12
1.647210e-12
2.487613e-12
2.844482e-12
5.496818e-12
4.173382e-12
5.664064e-12
2.169283e-12
4.211167e-12
9.722253e-13
1.621165e-12
1.297499e-12
1.947141e-12
3.376674e-12
3.118574e-12
3.445520e-12
2.893946e-12
2.245033e-12
2.831789e-12
2.116670e-12
1.531420e-12
2.999109e-12
1.989726e-12
3.295852e-12
2.481484e-12
3.005185e-12
2.549099e-12
3.040948e-12
2.355745e-12
2.389780e-12
2.816778e-12
1.605409e-12
1.770269e-12
1.213497e-12
1.772011e-12
1.510126e-12
2.036493e-12
4.305002e-12
3.386956e-12
4.473111e-12
1.908951e-12
2.107497e-12
1.679987e-12
2.010277e-12
4.352150e-12
2.605788e-12
6.929493e-12
4.258755e-12
6.506665e-12
2.676404e-12
3.040867e-12
2.050463e-12
2.150079e-12
3.540570e-12
2.946511e-12
3.378157e-12
2.053779e-12
1.723268e-12
1.525100e-12
1.061212e-12
2.355073e-12
3.052962e-12
1.825332e-12
2.157953e-12
1.128941e-12
2.324954e-12
7.973397e-13
1.362498e-12
3.157363e-12
3.291111e-12
3.624141e-12
1.695912e-12
1.430063e-12
2.328308e-12
2.894119e-12
2.262419e-12
2.894382e-12
1.830081e-12
1.463891e-12
1.996414e-12
4.991272e-13
2.461915e-12
1.596986e-12
5.522347e-12
3.359772e-12
5.588585e-12
1.529911e-12
3.059274e-12
3.989905e-13
1.230011e-12
1.263187e-12
2.193444e-12
1.860553e-12
1.694261e-12
1.295402e-12
1.826133e-12
1.327896e-12
9.956026e-13
2.056835e-12
1.160788e-12
1.392476e-12
2.485764e-12
1.723163e-12
2.351645e-12
3.311436e-12
2.350177e-12
2.415670e-12
8.269560e-13
2.479700e-12
8.263282e-13
1.519807e-12
8.587237e-13
1.650713e-12
2.673711e-12
2.408875e-12
1.220465e-12
8.573756e-13
9.890577e-13
1.285462e-12
2.141719e-12
2.075447e-12
4.578614e-12
3.029793e-12
3.095407e-12
4.281192e-12
3.951507e-12
9.419096e-12
3.162451e-12
4.184035e-12
1.087637e-12
1.681627e-12
3.364416e-12
2.772581e-12
1.750517e-12
1.784916e-12
1.554762e-12
3.311370e-12
2.884220e-12
2.854868e-12
2.393756e-12
1.165456e-12
2.102057e-12
1.504607e-12
2.445993e-12
1.276517e-12
1.852642e-12
1.925695e-12
4.372149e-12
4.183764e-12
5.464242e-12
3.429234e-12
3.031848e-12
1.557930e-12
6.961624e-13
8.750776e-13
1.514472e-12
4.964013e-13
2.535487e-12
