3.959649e-02
2.784976e-02
6.503244e-03
2.096909e-04
3.725191e-05
3.162180e-05
2.284753e-05
1.854342e-05
1.473811e-05
9.350899e-06
3.927282e-06
2.160664e-06
2.684775e-06
2.939283e-06
2.576665e-06
1.837240e-06
1.900347e-06
2.332866e-06
2.173780e-06
1.585542e-06
8.535463e-07
4.312262e-07
3.645224e-07
5.752884e-07
9.876442e-07
1.294139e-06
1.233399e-06
8.275063e-07
3.086925e-07
6.931320e-08
1.632537e-07
2.565298e-07
3.014963e-07
3.333538e-07
2.939759e-07
1.885391e-07
7.474198e-08
6.172736e-08
1.320872e-07
1.719815e-07
1.590376e-07
9.314699e-08
5.023439e-08
6.054978e-08
6.630913e-08
4.158501e-08
1.965434e-08
1.714525e-08
2.227275e-08
1.589188e-08
1.257866e-08
2.512065e-08
3.916411e-08
4.377851e-08
3.567316e-08
2.841426e-08
2.475178e-08
1.807295e-08
1.357690e-08
8.943206e-09
5.201991e-09
3.599399e-09
3.080212e-09
5.294268e-09
8.212306e-09
9.020889e-09
8.133904e-09
8.782888e-09
1.011059e-08
1.184659e-08
1.225890e-08
8.763751e-09
5.558947e-09
3.655303e-09
3.068076e-09
3.331423e-09
3.892559e-09
4.552921e-09
4.538147e-09
2.616083e-09
1.325816e-09
7.810455e-10
8.680184e-10
6.539853e-10
3.680017e-10
3.343170e-10
3.595272e-10
4.432381e-10
6.405843e-10
4.156060e-10
4.245679e-10
2.638663e-10
1.531702e-10
2.260839e-10
5.322586e-10
1.243351e-09
1.311400e-09
1.209187e-09
8.418586e-10
4.362996e-10
4.068974e-10
5.034528e-10
6.579298e-10
6.338569e-10
5.626538e-10
3.345615e-10
1.687700e-10
1.115053e-10
1.412214e-10
2.733758e-10
4.038830e-10
6.130894e-10
6.489822e-10
6.173488e-10
4.110593e-10
2.222550e-10
8.446555e-11
6.256048e-11
4.166118e-11
2.497019e-11
3.167523e-11
6.285106e-11
8.722550e-11
3.901646e-11
6.426425e-11
1.190652e-10
1.490684e-10
1.751397e-10
1.622845e-10
1.372460e-10
9.963076e-11
6.004676e-11
4.733078e-11
2.960792e-11
4.257553e-11
5.491639e-11
6.289397e-11
6.074603e-11
5.859353e-11
3.921654e-11
2.826625e-11
2.237197e-11
3.818398e-11
3.404084e-11
4.200105e-11
4.913191e-11
4.484125e-11
2.662571e-11
1.572104e-11
9.140990e-12
8.571798e-12
1.765073e-11
2.620798e-11
2.404084e-11
1.465550e-11
2.207413e-11
2.703503e-11
2.661261e-11
2.557939e-11
1.840663e-11
2.693885e-11
1.348966e-11
1.317557e-11
1.153852e-11
1.479924e-11
2.096560e-11
1.122103e-11
1.422394e-11
1.222973e-11
1.507931e-11
1.981299e-11
2.275813e-11
3.145700e-11
2.635573e-11
2.212685e-11
9.357181e-12
1.123633e-11
6.100307e-12
8.385580e-12
2.997841e-12
7.974846e-12
6.297200e-12
4.213693e-12
3.807257e-12
3.857162e-12
4.466326e-12
6.849604e-12
1.369664e-11
1.536949e-11
1.699138e-11
1.632715e-11
1.125579e-11
8.112363e-12
7.857625e-12
7.400791e-12
8.415199e-12
3.599208e-12
4.359355e-12
8.312586e-12
9.021331e-12
1.039117e-11
2.432719e-12
5.524828e-12
1.976916e-12
5.120000e-12
2.585391e-12
6.995271e-12
3.700688e-12
5.627951e-12
1.723860e-12
1.115520e-12
3.195394e-12
4.260848e-12
1.176897e-11
1.912815e-11
2.207786e-11
1.289105e-11
7.005354e-12
4.772134e-12
2.640761e-12
5.739858e-12
1.981623e-12
2.744372e-12
3.151825e-12
5.440216e-12
5.797385e-12
6.307424e-12
2.849267e-12
1.985150e-12
4.633086e-12
5.246111e-12
4.381149e-12
8.153156e-12
1.243958e-11
2.468628e-11
2.305706e-11
2.459735e-11
1.649089e-11
6.230308e-12
1.532915e-12
2.658103e-12
2.096311e-12
5.422829e-12
6.448441e-12
1.756253e-11
1.085781e-11
1.685896e-11
8.919200e-12
9.283061e-12
3.848270e-12
5.286798e-12
1.540616e-12
3.133933e-12
2.364445e-12
6.170814e-12
3.652740e-12
7.257535e-12
2.471953e-12
4.895384e-12
2.268127e-12
7.014985e-12
1.857626e-12
4.594560e-12
3.254252e-12
5.736428e-12
7.498001e-12
7.449427e-12
1.516630e-11
9.787221e-12
9.843731e-12
5.650237e-12
6.120570e-12
6.798617e-12
6.957821e-12
8.933717e-12
4.053726e-12
1.455825e-12
1.456615e-12
1.769491e-12
4.634421e-12
2.552774e-12
3.649090e-12
3.180642e-12
3.443697e-12
4.593925e-12
3.133295e-12
3.918334e-12
4.965554e-12
5.385963e-12
2.772504e-12
1.099073e-12
2.460959e-12
1.571455e-12
2.043565e-12
5.714798e-12
5.506106e-12
9.966833e-12
6.718035e-12
8.505678e-12
5.724039e-12
7.933056e-12
8.199344e-12
7.307708e-12
1.099022e-11
7.522873e-12
1.199577e-11
6.210474e-12
4.842778e-12
2.527387e-12
2.738733e-12
3.898503e-12
3.161305e-12
3.162079e-12
2.899048e-12
1.370632e-12
2.477985e-12
3.585630e-12
3.480609e-12
2.057041e-12
3.269960e-12
1.318748e-12
3.481079e-12
2.268203e-12
2.268311e-12
1.318547e-12
2.004276e-12
6.328649e-13
1.951211e-12
2.953213e-12
5.061669e-12
5.324344e-12
5.007478e-12
5.639040e-12
6.534615e-12
3.951465e-12
3.318247e-12
1.369298e-12
2.158928e-12
2.368625e-12
5.578588e-12
4.103680e-12
6.048109e-12
1.945364e-12
2.680543e-12
2.259339e-12
3.992554e-12
1.995314e-12
3.674756e-12
9.970339e-13
3.882045e-12
2.831720e-12
5.870431e-12
1.938780e-12
2.461743e-12
2.042015e-12
2.093513e-12
1.779191e-12
5.022001e-12
2.405447e-12
4.443558e-12
2.195148e-12
5.591039e-12
5.641403e-12
6.423776e-12
4.282006e-12
3.497954e-12
4.854975e-12
1.983897e-12
4.854881e-12
1.409682e-12
3.185639e-12
1.410164e-12
3.657481e-12
1.620449e-12
3.712632e-12
1.883743e-12
2.722751e-12
6.288100e-13
3.985602e-12
8.399276e-13
5.308168e-12
1.210402e-12
6.272036e-12
1.636453e-12
1.216595e-12
3.180357e-12
2.284099e-12
3.461549e-12
2.403011e-12
3.106382e-12
2.149213e-12
2.156930e-12
2.544614e-12
2.120195e-12
1.474697e-12
4.335874e-12
1.931357e-12
2.441593e-12
1.228371e-12
8.431606e-13
1.924846e-12
