1.432758e-05
1.302485e-05
5.714523e-06
2.107832e-06
1.113098e-06
6.499599e-07
3.552408e-07
1.807787e-07
1.003319e-07
6.166059e-08
4.927033e-08
5.278365e-08
5.166511e-08
4.928547e-08
3.944698e-08
3.082563e-08
3.321762e-08
4.563515e-08
6.401235e-08
8.628533e-08
1.009333e-07
1.022737e-07
9.330545e-08
6.815944e-08
4.008473e-08
1.916257e-08
6.863679e-09
5.642043e-09
1.086821e-08
1.447961e-08
1.463870e-08
1.252491e-08
7.364659e-09
4.643223e-09
4.257986e-09
5.647085e-09
6.166595e-09
5.232787e-09
4.054169e-09
2.527283e-09
2.077702e-09
2.852071e-09
3.635247e-09
4.111480e-09
4.712687e-09
4.797604e-09
5.048931e-09
5.667994e-09
5.409514e-09
4.735099e-09
3.528412e-09
2.094318e-09
1.373584e-09
8.469166e-10
5.316139e-10
4.970190e-10
5.453227e-10
8.150720e-10
1.390723e-09
1.868371e-09
2.279077e-09
2.530234e-09
2.387079e-09
2.295645e-09
2.147369e-09
1.940353e-09
1.745874e-09
1.414676e-09
1.096063e-09
9.711357e-10
8.640183e-10
7.516011e-10
6.711764e-10
4.898352e-10
3.107599e-10
2.054271e-10
1.243574e-10
8.842910e-11
5.939143e-11
5.832242e-11
7.493278e-11
6.645204e-11
7.700564e-11
1.099061e-10
1.534119e-10
1.970100e-10
2.061295e-10
2.007767e-10
2.311047e-10
2.585859e-10
2.390002e-10
2.052837e-10
1.413436e-10
1.005218e-10
1.032574e-10
1.030562e-10
8.097504e-11
4.306748e-11
1.174726e-11
4.690828e-12
6.229326e-12
1.062406e-11
1.624468e-11
2.353475e-11
3.214540e-11
3.736937e-11
3.801545e-11
4.227374e-11
5.716466e-11
7.254170e-11
9.087192e-11
1.052622e-10
1.050177e-10
9.411560e-11
7.202741e-11
5.255611e-11
3.641765e-11
1.964557e-11
9.904614e-12
5.491021e-12
3.166682e-12
4.513989e-12
7.987533e-12
1.357952e-11
2.378155e-11
3.984049e-11
5.487118e-11
6.903166e-11
7.646991e-11
7.890213e-11
8.032553e-11
7.945092e-11
8.489975e-11
8.318219e-11
6.611035e-11
4.802437e-11
4.323896e-11
5.357816e-11
7.217513e-11
8.186942e-11
7.374007e-11
5.377000e-11
3.270763e-11
1.847337e-11
1.315420e-11
1.069875e-11
8.779612e-12
6.110539e-12
3.958872e-12
4.211837e-12
7.360953e-12
1.227065e-11
1.873499e-11
2.365473e-11
2.502524e-11
2.702914e-11
3.031743e-11
3.315678e-11
3.762423e-11
3.738344e-11
3.249861e-11
2.836215e-11
2.203360e-11
1.786780e-11
1.289217e-11
8.496999e-12
7.025764e-12
8.538934e-12
1.074702e-11
9.739023e-12
5.691584e-12
2.695755e-12
2.886387e-12
3.650911e-12
3.940232e-12
4.435191e-12
4.139542e-12
3.036944e-12
2.711149e-12
2.851988e-12
4.536677e-12
6.348669e-12
6.361152e-12
5.520200e-12
4.240842e-12
3.440984e-12
2.663704e-12
2.159476e-12
2.300263e-12
2.659046e-12
2.558642e-12
2.155327e-12
1.514830e-12
7.952716e-13
7.324207e-13
1.697271e-12
3.898022e-12
5.520843e-12
5.034383e-12
3.797608e-12
3.052103e-12
3.604733e-12
5.564005e-12
6.906877e-12
8.228053e-12
8.266519e-12
6.741640e-12
5.417322e-12
4.892385e-12
4.614304e-12
4.157893e-12
3.492404e-12
2.761791e-12
2.411039e-12
1.922392e-12
1.445070e-12
1.303421e-12
1.258398e-12
1.785812e-12
2.453376e-12
2.700819e-12
2.691746e-12
2.670179e-12
3.105904e-12
4.172274e-12
5.476073e-12
5.819091e-12
4.902433e-12
3.737744e-12
3.230872e-12
3.093709e-12
3.130974e-12
3.332443e-12
3.831354e-12
5.052686e-12
6.601980e-12
7.095402e-12
5.578960e-12
3.364535e-12
2.069768e-12
1.817862e-12
1.467501e-12
1.112696e-12
1.043372e-12
1.039284e-12
1.201588e-12
1.341853e-12
1.689224e-12
2.154770e-12
2.536058e-12
2.749426e-12
2.738283e-12
2.563137e-12
2.317800e-12
2.371904e-12
2.639793e-12
2.514750e-12
2.458775e-12
2.218491e-12
2.135154e-12
1.964613e-12
1.544552e-12
1.335819e-12
1.195076e-12
1.054858e-12
7.820693e-13
5.130489e-13
4.539030e-13
7.049233e-13
9.452964e-13
1.069543e-12
1.005472e-12
8.076122e-13
5.675831e-13
5.034889e-13
4.317559e-13
3.420891e-13
3.324917e-13
4.927166e-13
8.511917e-13
1.077169e-12
9.352997e-13
6.418364e-13
3.979176e-13
2.631005e-13
2.627650e-13
4.258089e-13
5.019578e-13
3.467976e-13
1.899281e-13
1.457960e-13
1.828210e-13
1.830585e-13
1.473819e-13
1.287666e-13
1.233010e-13
1.385349e-13
1.971371e-13
2.929524e-13
4.859104e-13
7.679259e-13
1.343918e-12
1.662715e-12
1.485799e-12
9.949182e-13
5.321738e-13
4.903584e-13
5.584036e-13
6.019664e-13
6.178418e-13
7.149379e-13
8.080248e-13
8.683478e-13
7.911409e-13
6.712194e-13
7.789771e-13
8.979717e-13
8.003656e-13
7.250723e-13
8.795200e-13
1.098299e-12
1.085141e-12
7.990992e-13
5.857208e-13
5.537766e-13
6.725945e-13
8.676092e-13
1.161037e-12
1.390765e-12
1.523097e-12
1.462054e-12
1.407502e-12
1.417338e-12
1.274819e-12
1.125671e-12
8.447962e-13
5.795813e-13
4.551136e-13
3.725135e-13
4.011917e-13
4.071311e-13
4.438086e-13
4.841231e-13
5.754537e-13
6.517470e-13
6.112604e-13
5.564586e-13
4.966070e-13
4.775596e-13
4.934670e-13
5.082609e-13
5.034544e-13
3.946196e-13
2.470675e-13
1.851462e-13
1.409432e-13
1.728696e-13
1.711422e-13
2.042818e-13
2.120218e-13
1.669584e-13
1.302980e-13
1.195800e-13
1.200496e-13
1.116881e-13
1.106166e-13
1.739289e-13
1.787850e-13
1.686897e-13
1.429239e-13
1.418796e-13
1.479820e-13
1.273429e-13
1.202552e-13
1.090538e-13
1.193291e-13
1.922731e-13
2.005669e-13
1.814612e-13
1.158979e-13
9.959232e-14
1.443918e-13
2.555891e-13
3.538391e-13
3.887060e-13
3.893520e-13
2.717737e-13
1.741242e-13
1.199373e-13
1.111605e-13
2.386292e-13
3.600235e-13
5.514273e-13
7.798777e-13
9.221556e-13
1.075653e-12
9.412121e-13
7.787541e-13
6.638150e-13
4.783958e-13
3.214503e-13
