3.253280e-04
2.375671e-04
5.463859e-05
1.885266e-06
2.163418e-08
2.715747e-08
1.571941e-08
5.343026e-09
7.254005e-09
1.080261e-08
6.380457e-09
3.765032e-09
2.176836e-09
7.848802e-10
3.769597e-10
7.305923e-10
1.019856e-09
2.001143e-10
7.165210e-10
8.559389e-10
6.237248e-10
4.321185e-10
7.728887e-10
1.288121e-09
1.013146e-09
4.325961e-10
3.590377e-10
8.475501e-10
8.095040e-10
3.823374e-10
2.443160e-10
1.725680e-10
1.295245e-10
5.107947e-11
9.372791e-11
1.138028e-10
5.005396e-11
1.080585e-10
3.985862e-10
2.771394e-10
1.312250e-10
2.519543e-10
3.446461e-10
2.064649e-10
1.757437e-10
2.590834e-10
6.574816e-11
6.828137e-11
4.515834e-11
2.924632e-11
6.703584e-11
1.481255e-10
2.155564e-11
1.378737e-11
2.168687e-11
2.974249e-10
2.789733e-10
5.778019e-11
7.865698e-11
7.686489e-11
1.610908e-10
9.963547e-11
7.468297e-11
8.609304e-11
4.356433e-11
5.138136e-11
4.895941e-11
4.782630e-11
4.039939e-11
5.377095e-11
7.278571e-12
1.236986e-11
2.196810e-11
7.361361e-11
2.316040e-11
1.614412e-11
1.639227e-11
5.362366e-11
7.901198e-11
2.410428e-11
3.193355e-11
3.594492e-11
1.320537e-11
1.152256e-11
3.315772e-11
7.440092e-11
6.260564e-11
4.650649e-11
2.769588e-11
1.453621e-11
2.713159e-11
3.449560e-11
1.975760e-11
2.879904e-11
2.246573e-11
5.976524e-12
2.090788e-12
1.396087e-11
3.707011e-11
2.003372e-11
1.035902e-11
1.854615e-11
1.198176e-11
4.482420e-12
4.535427e-12
9.075006e-12
1.201376e-11
5.820875e-12
3.556140e-12
3.018182e-12
2.480515e-12
5.156468e-12
4.975404e-12
3.169527e-12
7.401500e-12
4.828390e-12
1.024152e-11
6.345298e-12
7.290630e-12
4.186512e-12
5.657424e-12
9.339625e-12
8.574357e-12
9.923816e-12
8.520368e-12
6.000877e-12
9.992739e-12
1.327361e-11
1.049485e-11
1.160289e-11
8.633421e-12
6.088964e-12
5.496532e-12
5.853200e-12
6.081217e-12
2.902719e-12
6.470813e-13
8.145493e-13
1.609974e-12
1.939581e-12
1.507511e-12
2.208029e-12
2.414776e-12
3.194664e-12
2.392957e-12
2.098645e-12
1.970394e-12
1.786756e-12
1.394366e-12
1.374086e-12
1.015456e-12
9.177508e-13
8.271259e-13
8.981696e-13
1.035342e-12
1.083384e-12
7.430843e-13
9.796922e-13
2.157595e-12
4.524730e-12
4.627703e-12
3.249028e-12
1.859243e-12
1.394646e-12
1.627728e-12
1.621300e-12
2.282476e-12
1.931373e-12
1.084952e-12
2.254778e-12
2.254954e-12
2.717864e-12
2.176476e-12
1.584199e-12
3.074245e-12
3.714417e-12
2.556019e-12
2.578649e-12
3.477682e-12
2.370844e-12
1.561460e-12
9.319453e-13
6.911573e-13
1.891206e-12
2.904731e-12
1.452729e-12
1.465024e-12
1.889578e-12
2.720859e-12
2.161737e-12
1.481929e-12
1.826157e-12
1.456035e-12
2.259989e-12
1.994531e-12
1.573954e-12
1.763740e-12
1.304418e-12
7.091623e-13
2.200198e-13
9.480305e-13
2.385830e-12
1.498890e-12
5.639952e-13
4.630694e-13
8.904848e-13
3.724103e-12
3.890010e-12
3.790277e-12
2.949309e-12
4.596784e-13
9.330139e-13
1.649469e-12
2.408424e-12
2.816888e-12
9.466970e-13
7.244290e-13
6.260434e-13
1.258244e-12
1.946206e-12
1.239467e-12
1.254853e-12
1.108248e-12
4.308395e-13
1.871816e-13
4.124645e-13
9.852284e-13
1.454420e-12
3.655175e-13
8.623468e-13
5.644586e-13
2.345993e-13
2.570718e-13
2.267683e-13
1.040140e-12
5.758996e-13
4.773855e-13
3.374352e-13
7.080847e-13
1.517134e-12
1.604442e-12
1.181133e-12
7.572311e-13
3.286005e-13
1.666310e-13
3.133996e-13
4.098229e-13
6.572837e-13
3.431590e-13
2.449914e-13
3.695500e-13
6.113862e-13
6.607099e-13
3.829916e-13
2.746081e-13
1.622547e-13
2.464099e-13
3.934283e-13
2.531646e-13
2.989162e-13
1.915175e-13
1.235134e-13
1.939493e-13
1.982828e-13
2.285727e-13
2.894599e-13
3.025821e-13
3.177165e-13
7.320038e-14
9.829834e-14
9.672300e-14
5.145471e-13
5.960170e-13
2.727142e-13
2.068837e-13
1.959045e-13
4.497988e-13
3.506869e-13
2.354156e-13
2.643321e-13
3.361398e-13
3.455191e-13
5.260943e-13
1.236149e-12
8.540343e-13
3.467833e-13
3.190360e-13
6.534770e-14
5.827910e-13
6.480916e-13
4.787422e-13
5.315951e-13
2.458298e-13
1.280579e-13
9.453430e-14
1.759259e-13
3.885531e-13
1.681650e-13
1.857100e-13
2.682254e-13
1.815346e-13
3.229435e-13
1.080059e-13
4.816713e-13
3.562867e-13
2.601364e-13
2.853558e-13
2.916812e-13
3.347683e-13
3.298942e-13
1.078989e-13
1.403505e-13
1.327697e-13
1.241816e-13
2.785329e-13
1.162629e-13
1.308539e-13
1.630083e-13
2.849771e-13
3.840319e-13
5.716684e-13
9.447139e-13
1.035943e-12
3.065555e-13
1.106713e-13
1.557417e-13
3.684408e-13
3.508582e-13
1.017134e-13
5.498746e-14
9.505167e-14
2.738635e-13
5.317409e-13
4.145107e-13
3.425864e-13
1.588337e-13
2.405425e-13
2.507590e-13
3.792978e-13
4.096592e-13
3.900264e-13
2.111328e-13
2.061185e-13
2.555799e-13
3.086438e-13
2.897776e-13
2.619276e-13
2.856153e-13
2.367085e-13
2.438899e-13
1.189315e-13
1.485120e-13
1.566992e-13
1.967791e-13
3.046060e-13
2.193181e-13
2.725407e-13
1.511808e-13
6.209159e-14
4.335299e-14
1.050746e-14
1.093166e-13
7.777584e-14
1.371496e-13
7.020698e-14
9.216771e-14
8.199309e-14
9.183891e-14
1.016695e-13
1.259568e-13
1.115524e-13
1.893280e-13
1.362277e-13
1.165830e-13
1.626155e-13
1.900116e-13
1.407932e-13
6.156202e-14
1.116897e-13
1.949137e-13
2.440062e-13
7.009236e-14
8.311288e-14
4.444060e-14
1.405696e-13
2.494248e-13
1.688613e-13
2.188105e-13
2.385316e-13
1.689132e-13
1.373874e-13
1.060360e-13
1.125862e-13
1.571094e-14
6.553986e-14
1.386145e-13
3.927875e-13
3.751164e-13
3.942814e-13
3.676233e-13
2.994762e-13
